Length of the dictionary: 1109 | Embedding dimension 5

youth    [-0.1614444  -1.7692571  -0.23647311  1.7252423  -0.64466554]

moment    [ 2.2899191  -0.00460257 -0.56108    -0.7920229  -0.81063294]

infinitely    [ 0.21254145 -1.2816482   0.0298974   2.0047083   1.0398926 ]

passage    [ 0.43993175 -0.8644374   0.16251554 -0.92576474 -0.54197   ]

glancing    [ 0.42813063  0.5036206  -1.2510728  -1.9061973  -1.3499479 ]

safe    [ 0.7013337  -0.39151728  0.8044334  -2.0077221  -0.8482894 ]

families    [ 0.25027293  0.6760158  -0.89544004  1.288131   -0.22276917]

hold    [-0.9898551   1.6102681   1.6774837   0.36017975  0.03616785]

issue    [-1.3216249   1.9713266  -2.3974829  -1.6358464   0.74499756]

did    [ 0.51665556  0.5647049   0.15116152 -0.5361595   0.68224096]

interstellar    [-1.5523705  -1.7711722  -0.8227599   0.13289613 -0.64912915]

every    [-0.27371585 -0.04630117 -1.8419813   1.7907575  -0.6029918 ]

collected    [-0.15593137  0.09061728 -0.5175764   0.6693534   2.0873365 ]

capable    [ 1.4615407  -0.938648    1.84124    -0.32528377 -0.11193758]

correct    [ 0.91782373 -1.640325   -1.500367   -0.8483864   0.396713  ]

perfect    [ 0.94186974 -0.24627227  0.49599838  0.6983806  -0.04462671]

reach    [ 0.07495885 -2.3496642  -0.44802046  0.48009    -0.82249194]

even    [ 0.32527962 -2.9846869  -1.5289066  -0.5393131   0.83602   ]

sarcastically    [ 0.02508035 -0.02128167  0.15859832  0.74864674  1.5083818 ]

original    [ 1.5204912   0.20696837 -0.7731737  -1.3394672   1.6400384 ]

enabled    [ 0.3163331  -0.02963859  0.24320745 -0.02458797 -0.23391494]

seven    [ 0.5276991  -1.5623511   0.6400877  -0.07908305 -0.49980825]

eventually    [-0.677417   -0.25468895 -0.03595276  2.0295045  -0.7545542 ]

answers    [ 0.8672233  -1.7321063   0.37231776 -0.6203812  -0.9166669 ]

times    [ 0.9530159   1.4993409   2.279031   -0.90219194 -0.29573923]

perfectly    [-0.93151146 -0.9192047  -0.5058118   0.70114046 -0.13563804]

report    [-1.8672408   0.98801637 -0.7821738  -1.0230969  -1.1422915 ]

get    [1.3725038  0.8899245  0.6818833  1.1435612  0.14492361]

sudden    [ 0.05261425 -0.3387813  -0.18367845  0.38714242  0.63905275]

idling    [-1.2875384  -0.40172765 -0.3570369   2.249711   -0.26654062]

point    [ 1.0052804   0.94459045  0.5937233   1.034143   -1.7841417 ]

support    [ 0.03725555  1.0327021   0.5834775  -0.12589236 -0.6946712 ]

runs    [ 0.08810827 -0.19174848  0.09790163 -0.1386505   1.2885674 ]

logic    [ 1.7420611   3.4736261  -0.17399518 -0.63840705  0.26888525]

growing    [-0.6753644  -0.24844025  0.30228543  2.4534752   0.36587209]

solving    [ 1.2527039   1.8600062  -1.254424   -0.30450147 -0.49135435]

sub    [-0.18831886 -1.1792167   1.5481586   2.0623178  -1.1149356 ]

spanned    [-0.96541685 -1.0336393   2.0291789  -0.89130044  1.7036847 ]

later    [-0.59175414  0.53825796 -0.45904672 -0.3523813  -1.3845601 ]

expansion    [-1.3705918  -0.11398992 -0.9714071  -0.25380272 -1.6561153 ]

fill    [ 1.6786948   1.184987    1.1040328  -2.012184   -0.20128955]

countless    [-1.7418046 -1.359514   0.7984568 -0.7375489 -0.7704733]

dollar    [ 1.3877481   0.22497022 -0.61103576  1.3002104  -1.4025801 ]

possibly    [-1.9017804   0.7718762  -0.01110976 -1.5243567  -0.2687675 ]

himself    [ 0.9937724 -0.7742558 -1.3235995  1.9783688  1.028055 ]

cottony    [ 1.868077    1.3624698  -0.48718876 -0.33295608  2.2548587 ]

completed    [-0.6941338   0.23750085 -0.35872117  0.56801564 -0.08303491]

talkie    [-0.8809714   0.6383345   0.8277257  -2.7368279   0.19712383]

thought    [ 1.9249152   0.69335186  2.0295568  -0.16146523  0.64116573]

galaxy    [-0.05327252 -1.5828699   0.44793883  2.277333   -0.22579084]

die    [-0.6286112  -0.0894235  -0.63183844 -0.04256735  0.7446885 ]

included    [-0.36003438  1.4814662  -0.58913785 -1.4324722   1.8686341 ]

adell    [-1.9902582  -0.22731067 -0.0348216   0.52720004  2.5146174 ]

want    [ 0.35557988  0.74589056 -0.7030218   1.5970942   1.0715992 ]

dwarf    [-0.48611456  0.37294427  0.79516226  1.138723    0.3042587 ]

placed    [-2.8067896   1.9477355   0.314163    0.10870059 -0.65415967]

inches    [1.8785883  0.5907993  0.19099386 0.13938834 0.84003633]

directed    [-2.2291484  -1.3420316  -0.32125795 -1.6663716  -0.19046354]

strip    [-0.33603236  0.560119   -0.46851435 -0.8117229   0.6212744 ]

undone    [ 1.4985944   2.1053877  -0.10877731 -2.676394    1.6557242 ]

lead    [-1.4674327 -1.4409348 -1.0599738 -0.7755273 -1.3187838]

seemed    [ 0.6296242   1.6039355  -0.0558866   0.6892041   0.91693634]

translated    [-0.5107372   0.56252414 -0.5572712   0.07376701 -0.92556477]

beautiful    [-1.1542492   0.61114365 -0.60189974 -0.0790967  -0.15549418]

cubed    [-1.3174589  -0.1199585  -1.0745418  -0.13049614 -0.4435582 ]

give    [ 0.24643438  0.17996708  0.06488642 -0.4054172  -0.3418406 ]

weariness    [-1.3799466  -0.21006896  1.7850223   2.634444    0.06064223]

seen    [ 1.2889903   0.49549186 -0.96242934  0.10425355  0.8458868 ]

tendrils    [-1.4987614  -0.15320542  0.2104733  -2.6901796  -0.3138835 ]

sure    [-0.97060174  0.21795325 -1.7075772   0.21157809 -1.5010871 ]

sap    [-0.13728055 -0.08958969  0.30989128 -2.3412824  -1.2050698 ]

receptor    [ 1.5301056   0.9225555  -2.0328686  -0.31376132  0.81343013]

guy    [-2.612363   -0.01120246 -1.1632003  -1.0388167  -0.94101924]

map    [-0.77748996  1.208021    0.03722074  0.66012377 -0.52783674]

force    [-0.95984274 -0.18762308 -0.87323326  0.7353081   1.4835321 ]

stars    [0.56628454 2.1226983  0.05449542 1.574008   1.3629344 ]

remains    [-0.19836794  0.9463098  -0.5469104   0.7789147   0.6292542 ]

doubles    [-1.7585073  -0.9143618  -0.701008    0.7475578  -0.37975153]

not    [ 1.6764755  -0.7634267  -0.97648716 -0.9017002   1.0113055 ]

both    [-0.96200895 -0.9579147  -0.73997533 -0.4086762   1.3022358 ]

universe    [-0.28725103 -0.3886199   1.5636789   0.6689654   0.25741157]

demonstration    [-0.64664376  0.05185074 -0.75685734  1.0391626  -0.5479845 ]

period    [ 0.07674579 -0.98800975 -0.29477495  0.7706947   1.643735  ]

decreased    [-1.8822981   2.4131427  -0.22629729 -0.5567969   0.9021072 ]

computers    [-0.04399876  1.691914    1.5761052  -0.17759643  0.2652154 ]

head    [ 0.0762689   0.80770516  0.5947541  -0.40001443  0.44490272]

vj    [-1.6846377   3.2346528   1.8584049  -0.52247435 -0.108458  ]

humanity    [ 0.3923827  -1.4818677  -0.6600972  -0.15558884  0.7501364 ]

you    [-0.744246  -0.8225924  1.7274413  2.5194619 -2.0784411]

faint    [ 0.15549007 -0.38665438 -0.618322    1.6996287   0.3016221 ]

microvac    [ 0.19591174  0.35377714 -0.93138313 -0.13727729  1.5387014 ]

among    [ 1.3151063  -0.5387002   1.7114565   0.96941644 -2.27193   ]

disappointment    [ 0.36335942 -0.8878628  -0.5620776  -1.8739707   0.5592943 ]

their    [ 2.227421  -2.0077858  1.7294734  1.9792094  1.062866 ]

units    [-2.677515   -0.07430119  0.80799246 -0.7599654   0.54440725]

webbing    [-3.1016588  -0.10511892 -0.48152548 -0.17900631 -0.23490557]

throng    [-1.1518184   0.3314795  -0.09121992  1.7953776   0.04800919]

back    [-2.4565923  -0.38123214 -0.5675126  -0.25104553 -0.12065274]

increase    [ 0.08562601 -0.27716288 -0.85688955 -1.9706326   0.5182835 ]

entire    [-0.12959073  0.57731456  0.6130287  -0.7591989  -0.30053407]

ended    [ 1.2627287  -0.67803264  0.9244459   0.9044694  -0.51632875]

various    [ 0.75033057  1.2493119   1.3294322   0.46585873 -1.6329556 ]

exasperated    [-1.1849967  -1.5850095   0.6637125  -0.5136681   0.49772075]

five    [-1.9370894   0.7773128  -0.44517788 -0.2852524  -0.19057198]

cent    [ 1.7730916   0.05032456 -1.917976   -1.0239068   1.1334231 ]

issued    [1.7959509  0.10114397 0.11220191 1.1719555  4.6032085 ]

won    [ 0.433291  -1.1675253  1.1707329 -2.3524468  1.2843976]

forgetting    [-2.4082594   0.53030396  1.0562056  -0.6143843   3.0062063 ]

pioneer    [-0.32872623  1.0215198   1.4009349   1.8048136  -1.4628215 ]

molecular    [ 0.55081916 -0.55072653 -0.88092494  1.2391585   0.16331439]

ought    [ 0.1781109   0.01589796 -0.8821856   0.99571055 -1.5259469 ]

re    [ 1.1801566   0.640606   -1.183573    0.21613784 -0.38804105]

release    [ 0.22596006  0.02858157  1.3131375   0.04944373 -0.27398145]

bertram    [-0.39101642 -0.7596632   0.4158726   0.05034485 -0.16769533]

where    [ 1.1134845  0.405282  -0.8918681 -1.894163   1.7889758]

why    [ 0.61783105 -3.4671392   2.0924206   0.14520371 -2.2222512 ]

decade    [-0.7290573  -0.42829865 -0.15541138  0.5499343  -0.73621744]

centered    [ 0.419407   -1.4495912  -0.4846458   0.35283032 -0.09229285]

paused    [-0.10572842  1.0385367  -1.0730275   0.9195047   0.47147846]

insufficient    [ 1.2043922   0.17839983  0.01782641 -0.25433376 -2.171304  ]

years    [ 0.472648   -2.3464668   2.6515055  -0.01116022  1.2413406 ]

full    [-2.2861083   0.14732522 -1.0533838   1.9484065  -0.24124964]

ahead    [ 0.86279804 -0.16132657 -0.23914498  0.41603902  0.35547364]

liquid    [-0.9457307  -0.07316408 -0.37980735 -0.0795826  -0.78573173]

nor    [ 1.0124484  -0.01990682  1.0531874   0.1691514   2.0893524 ]

sufficient    [-1.3144101   1.4227791   1.1629711   1.2426758  -0.52155125]

race    [ 2.3280985  -1.2765697  -0.40569052  1.1644856   0.51143706]

forces    [ 1.2268302  -1.477465    1.1569779   2.3235068   0.30541572]

closed    [-1.3227769  -0.28219828  0.51212144 -0.6186091  -0.0387515 ]

satisfied    [1.1447724  0.23890693 0.6989728  0.35181347 0.44523868]

sake    [-0.29572657  0.986153   -0.4203699  -0.34974706  0.01166147]

lines    [-0.62706435 -0.28870913 -1.3915952   0.19917198  0.3790742 ]

might    [-0.33503896 -0.01963857  0.80544364 -1.4991113   0.87921846]

certainly    [ 1.2547102  -0.26557407  0.5601808   0.05711392 -0.1696656 ]

of    [-2.6536922  -0.2223321  -1.942266   -0.71752125 -5.1485453 ]

operations    [ 0.17774358 -1.2121259   0.11641613 -1.2483691   1.2861035 ]

neither    [ 0.65741295 -1.7918986   0.7653657   0.4921251  -0.05010166]

if    [-0.17428935 -1.9527868  -1.9293482  -1.3250952  -0.742224  ]

everything    [ 0.24300529  2.7640772  -1.2459222  -1.3395022  -0.30457267]

energy    [ 1.46136     1.4252045   1.9864111  -0.45452368  0.04627195]

ran    [-2.3326697   1.8241801   0.5157239  -0.78586507 -0.9799593 ]

galactic    [ 0.3240862   0.04021384 -0.7992904   2.1867774   1.0614161 ]

largest    [-0.14054719 -0.10754134 -1.7553347  -0.17333145  0.25813958]

softening    [-1.4473865   1.09357     0.44687805 -0.56697476  1.3608317 ]

store    [-0.16037217 -1.2665038   0.3813805   1.730488    0.12499153]

drop    [-0.65004635 -1.2905567  -0.2916998   0.27065673  2.1209323 ]

tremendous    [ 0.7517573   0.16110407  0.40202618  0.68625885 -0.21671699]

correcting    [ 0.4136652   0.47948185 -1.8004633   0.10465443 -0.9737653 ]

less    [-1.3465823   1.4103945  -0.74625957  1.1517489  -0.5697208 ]

maximum    [-0.2113003   1.8973751   0.00889626 -0.2561713  -0.33304062]

clumsily    [ 0.3358015  -0.21954161  1.2361494   2.2585094   0.6695562 ]

something    [-1.2458012   0.31509283 -0.27439922  0.84409845  0.35337576]

broad    [0.23532829 0.27156857 1.152549   0.55726445 1.5629066 ]

sunpower    [ 1.4660199   1.2985121   0.14646274  1.8030319  -0.38703793]

sorting    [-0.5048031  -1.0165747  -0.46942958 -0.17735276  0.86595166]

who    [-0.38522416  1.0378697  -2.38977    -0.01280157  1.5833746 ]

transistors    [-0.27837285 -0.5949863   2.4012048  -0.6171679   0.16247106]

throbbing    [ 2.5381474   0.6242095   1.6325362   2.721123   -0.11637745]

silent    [-0.34994984 -0.0832034  -1.2324702  -0.05983117  0.31643912]

other    [ 0.4417558  -0.46873713 -0.59293085 -1.7097179  -0.9614113 ]

featureless    [ 0.12904297 -0.4361715   0.4000727   0.47057065 -1.7319895 ]

leaving    [ 1.0380881   1.0212697  -0.56935436  0.29051533 -0.51009774]

lord    [ 0.47563964 -1.2554531   1.0672818  -1.267185   -0.39788857]

thereupon    [ 1.4998177  -1.2943574  -0.22095567 -1.2470192   0.08893549]

ash    [ 0.99960035  1.4444582  -0.01122054 -0.3296834   0.3301959 ]

early    [ 2.3833246   1.3953111  -0.24337047  0.41832024 -0.6794611 ]

populated    [ 0.27918756  0.8122174  -1.359697   -0.33673552  0.84916896]

picture    [ 0.06118172 -2.1195269  -1.2431288  -0.46930814  1.22343   ]

matter    [ 0.7617029   2.5697093   0.27809748 -1.0291626   0.4298463 ]

mq    [-0.13975886  1.7213751  -1.5851591  -0.44149923 -2.958272  ]

refinement    [-0.51484066 -0.40068027  0.41020215 -0.17852876  0.80951947]

set    [ 0.19944096  0.2200808  -0.18936227  0.33013925 -0.37823102]

sensing    [-0.73555887 -0.15355994 -0.15764675  0.9623127   1.9756179 ]

than    [ 1.8536197  -1.4806786  -1.4124141  -0.10982074  2.1219878 ]

bet    [-1.4746308  -0.9655351  -1.1890228   0.70025516 -1.9162356 ]

change    [ 0.5670397  -0.19337732 -1.482832    1.6067401   0.8584668 ]

drifted    [ 0.6172248   1.1303575   0.15081665 -2.0791705  -0.40644684]

hook    [ 0.39649656 -0.7621963  -0.6918651   0.24729112 -0.65933865]

ancient    [1.0555824  0.92273825 0.82719004 2.213651   0.02859454]

galaxies    [-0.5427899  -0.88717294  0.20676243 -0.7729835   3.0378728 ]

etheric    [-0.16055185  0.59323937  2.0831459  -0.33806923  1.4096196 ]

different    [ 0.0906975   1.0028012  -0.14943361  0.840202   -0.58185214]

larger    [ 0.0670583  -0.61218035 -1.9258707  -0.08821606  1.0881964 ]

mother    [0.63490397 0.6059012  0.06064581 0.88829863 0.90810686]

trajectories    [ 0.3341148   0.53938997  0.02371129 -0.9055642   0.7604787 ]

unhappily    [ 0.21415158  1.7243661   1.5117595  -1.5032141   1.1624205 ]

bulge    [-0.24071139 -0.77466244 -1.6523306  -0.6668109  -0.45426318]

amazing    [ 0.28252214  1.1036755  -1.158942   -0.3691121   0.43359402]

got    [ 0.9200509   2.2216377   1.0875483  -0.75559175 -0.4326483 ]

star    [ 0.01336507 -0.34587964  0.50139666  1.2505132   0.46796662]

far    [ 0.79711795  1.250175    0.72884065 -0.09146158  0.16184409]

across    [ 0.26985738 -1.1201584  -0.90938044 -0.8046819   1.0242697 ]

us    [-0.23390299  0.42074317  0.43918958 -0.18498246 -1.2857072 ]

converted    [ 0.472502    0.58867157 -1.7011632   1.1404151  -1.705423  ]

however    [ 0.49160177  0.6977581   2.2445483  -0.9743656  -0.17138   ]

reassure    [-0.07528998  0.9959373  -1.1400465   0.01074235 -0.0893706 ]

least    [ 2.1429162  -1.258375   -1.4602805   0.42175755 -1.210068  ]

carrying    [ 0.3842929  -0.6790829  -0.26168093  0.16909003 -0.5573129 ]

giggles    [-0.85409194 -1.3209275  -0.4160851   1.0310438   1.5665953 ]

despite    [ 0.2663698   0.50553954 -0.6028157   1.4264873  -0.52328867]

destroyed    [ 0.69841456 -0.53235334  1.7973603   0.98397785  0.5343133 ]

longer    [-0.6705839   0.8046048  -0.63942665  1.1633577   0.73796844]

jerrodine    [ 2.9739819  -2.085252    1.7177169   0.72341645 -0.559035  ]

originate    [ 0.3463302   0.79082024  0.22938858 -0.16352971  0.3640414 ]

can    [ 0.00918582 -1.1000476  -0.9594771  -2.3739412   0.6044273 ]

pause    [-0.42985028 -3.2147288  -0.9617904   0.6892333   1.6162214 ]

twists    [-2.0243807   0.10553502 -0.8917186  -0.60902387  0.23782654]

don    [-2.3746917   0.96617645 -0.14259364  1.4558821  -2.8590918 ]

starry    [-0.0611987   0.23114513 -0.8667106  -0.8707386  -0.92750156]

rod    [-0.03787363 -1.3023198  -1.2724575  -0.967149   -1.1365358 ]

admit    [-0.20731682 -0.60384196  0.17819466  0.22824939  1.0670923 ]

reported    [ 2.2621307   0.4401316  -2.5462902  -1.5641061  -0.10962144]

somehow    [-0.59197575  0.7383631  -0.6085944   1.2607408   0.2610911 ]

cry    [-0.94002616  2.239057    0.73974913 -1.2175545  -0.42218414]

stir    [-0.19518952  1.699101   -2.0056725  -1.1556443  -0.6691855 ]

which    [-0.2285784 -1.544565  -1.1508738 -1.5434171  1.6331354]

heat    [-0.56279093  0.11240792  1.5307806   1.3325148  -0.5130811 ]

stop    [0.33321995 1.4184663  1.3582606  1.7807493  0.14920287]

feeding    [ 1.6476963  -0.6656273  -1.1341741   0.33170566 -0.69255126]

coming    [ 1.0140733   1.8140686  -0.49933514  2.4065385   0.79996365]

randomly    [ 0.36488706  0.19567509  0.24897718 -0.36710414  0.3332874 ]

clamped    [-0.9050284  -0.08435465  0.41300398  0.95159537  0.06150393]

blurred    [ 0.78132635  0.5829685   0.19821176 -0.00960396 -0.11485986]

spent    [ 0.67981374 -0.24275146 -0.43628252  0.4203974   2.3499875 ]

watching    [-1.3104779   0.58646    -0.90204847  1.0706084  -1.5563763 ]

room    [ 0.10986225  1.1571578  -0.43880576  0.15160906  0.0803721 ]

from    [-0.74086285 -0.6421933  -0.87306005  0.506536    2.8553634 ]

startled    [ 1.2240019   0.13352196  0.35565102 -0.28324154 -0.34193963]

increasing    [-0.6939577  0.3302765 -0.3836839  1.0430126  1.1669928]

trouble    [ 0.30363664 -0.29193148 -0.71295404 -0.629112   -0.9980221 ]

transportation    [-0.42297348  1.1374478  -0.21132399 -0.0618868  -0.08445398]

meaning    [ 1.0446895  0.8159259  2.7478242 -1.0741104  1.3698161]

disturbing    [ 0.651456  -1.094828  -1.3187402  0.2769896  1.4323268]

spring    [-0.85427     1.2456123   0.16242738 -1.035659    0.67750937]

known    [ 0.18036197  0.9383287  -0.04239185  0.67630357  0.3871507 ]

s    [-0.88257223  0.37075657 -0.96481204 -2.5758474   1.9852937 ]

scarcely    [ 2.86893    -1.5125114  -1.2633214  -1.2182869  -0.22541389]

children    [-0.4302949  -0.33950412 -0.49870563  1.5233783   0.19695495]

personal    [ 2.18571    -0.69354844 -1.4758495  -0.54397845  0.01454255]

next    [-0.6368968   1.4702148   1.2488948   0.71942824 -0.17907684]

almost    [ 2.4659362   1.75061     0.17935118 -0.9776173   0.08839175]

day    [ 0.6618292 -2.0122206 -0.4612775 -2.8819084  1.2719394]

being    [ 2.4573414  -0.42713156 -0.4164341  -0.580859   -0.25528565]

mean    [-1.7495816  -2.219308    0.26529533  0.01891796  1.2233248 ]

making    [-0.7648117  -1.059585    0.76929057 -0.04156359 -0.12638323]

question    [ 0.21732491  0.9329987   0.68694484 -0.2205368   1.3345963 ]

acs    [ 1.0116698  -0.68079174 -0.5175323   0.1405014  -0.37923893]

designed    [-0.25161165 -0.8902016  -1.0360577  -0.6858435  -0.46297586]

hair    [-0.23412314 -0.05512063  1.0470873   1.7395163   0.05920493]

nova    [ 0.2618762  -0.054653   -0.44605964 -2.0493636  -0.28317252]

wouldn    [ 0.89234596 -0.61456376  0.20271905  0.70650613 -0.66416025]

cared    [ 0.47935432 -0.5556553  -0.7290447   1.6978185  -0.220258  ]

plan    [-0.14836042 -2.0840154   0.53322077  1.4672525  -0.4374286 ]

adjusted    [ 1.1764935  -0.08982336  1.0113739   1.6481937   0.7352086 ]

ridiculous    [ 0.39313707  1.3730786  -0.22484758  0.72141904  0.04492277]

perceptions    [ 0.06350977  0.15308818  0.5391912  -0.39987323 -0.48591772]

open    [ 0.4333459   0.4671884  -1.4931134   2.634534   -0.17312376]

be    [0.05864285 4.3204107  1.7678119  1.1016097  2.0752814 ]

space    [ 0.134199    1.2403407  -1.6160345  -0.22809783 -0.10768697]

correlated    [ 1.7072972  -1.1142391  -0.75254196 -0.4897893  -0.96345323]

sufficed    [-0.65446585 -0.13655071  0.2166468   0.4212657  -0.02116844]

course    [-1.5450876  -0.19883299  1.0959097   0.47666642 -1.2482775 ]

21    [ 0.42276052 -1.7362021  -0.97736293  0.08566782 -1.6414763 ]

preordered    [-0.54156893 -0.13012905 -2.297092    1.4567344   1.0707039 ]

spendthrifts    [ 0.9761187   0.892204    1.5358582   0.04611196 -1.0100856 ]

funny    [ 1.2430793  -0.04497317  0.0879301  -0.46730596  0.5475744 ]

resources    [ 1.2112994  -0.09187315  1.106721    0.26849106 -1.429923  ]

jerrodettes    [ 0.5881962  -0.39435044 -0.8696222  -1.0606208  -0.84249914]

resting    [ 0.06105966  0.838686    0.5042991  -1.3816206  -0.16070169]

buried    [-0.40148947  0.02869995  0.21453504 -1.0183192  -0.8758999 ]

fusion    [-1.3372977   0.5574875   0.453235    0.851244    0.96816146]

visiplate    [ 0.48973092  0.8276436   2.6883414   1.4592097  -0.20199178]

clickings    [-0.9792359   1.9043262  -0.6944903   0.10869302 -0.70162773]

powdering    [-0.7764975   0.8029605  -0.05788723 -0.559778    0.08063728]

thing    [-0.5516495   0.3919543   2.024385   -0.43612275 -2.8384175 ]

but    [ 0.25635543 -3.0416088   0.34942082  1.1343352  -1.347514  ]

is    [-2.0724657  -1.0927283   0.8294133   1.1746461  -0.20915574]

help    [-0.49750856 -0.49950877 -0.74977356 -1.4228055   0.9305724 ]

forever    [-1.9021254  -1.9347578   0.44631934  1.5182714   0.01606345]

waiting    [-1.0821146   0.33438686 -0.12897865  0.34276226 -0.21803059]

under    [ 0.8307596   0.7910232  -1.4861126  -2.1395764  -0.34193325]

place    [-0.01999465 -1.1297306  -0.66239125 -0.19925942 -0.30072913]

shook    [-1.3687297  -0.9677805  -1.946844    0.19636385  0.00673654]

stirred    [0.32625788 0.10151413 0.9645872  0.9286803  0.64013076]

completely    [-0.5379051  -0.27011004  0.2647662   1.3377149   0.52469766]

adjust    [-1.0295095e+00  2.9982263e-01  1.1448962e-01 -2.8938049e-04
 -3.9602870e-01]

shrilled    [-0.2288898   0.9755933  -1.7602443  -0.20364863 -0.6688085 ]

sometimes    [ 0.6402387  1.9071306 -0.9194724 -0.4988951  0.4923808]

shout    [ 0.23770429  0.44549915  0.44396785  0.78865945 -1.6467966 ]

circuits    [-1.0441658  1.167685  -0.3031312 -1.520586  -1.637412 ]

go    [ 1.2621355   0.2710443   0.07190105 -1.0245827  -2.9691348 ]

brought    [-0.42338735 -1.3545152  -0.79112023 -2.185323   -0.3829953 ]

whitened    [-1.9833978   1.657585    0.44949466  0.27206668  0.9897845 ]

ice    [-0.83211565 -0.22281331 -0.05325187 -0.14975762  0.7815102 ]

asked    [-1.9995801  -0.5774704   0.07557806  0.07006123  2.8023694 ]

eons    [ 1.6120805  -0.25966322  2.2934175  -1.6250261   0.631666  ]

solved    [ 0.6482752  -1.531757   -3.1464515  -0.04872675  0.14480095]

black    [ 0.42785528 -1.0579967   0.18912004 -0.2786874   0.85424143]

spaceship    [ 2.0532813  -0.82673234 -1.6825581  -1.7303654   0.3212567 ]

me    [ 1.9701068  -0.35398734  0.13455403 -0.5169372   0.04083659]

land    [-0.4146427  -0.84039706  1.1921148   0.9099111   1.4543915 ]

originals    [-0.25258648 -1.0151705  -3.6014996  -0.8904554   0.21563272]

powdered    [-1.6127733  -1.3244904  -0.4597392   0.43728417 -0.09375115]

reversed    [-0.49701786  0.00366678 -1.0057558  -0.01852534 -0.7332807 ]

shrunk    [ 1.252074   -0.6969275  -0.14877452 -1.1062725   0.8057672 ]

faithful    [-0.03796842 -0.9374168   1.9565147  -0.6215849   0.85149735]

life    [-5.8726448e-01  1.8258789e-03 -3.7700918e+00  4.9495351e-01
  1.5784868e+00]

she    [ 1.461289    0.24196932 -0.41842943 -0.37468582  1.4435202 ]

grown    [ 0.71332943  0.03560266  0.6591501   0.18229976 -0.9642788 ]

has    [0.46307045 2.9554222  2.0791483  0.02942699 0.9826852 ]

join    [ 0.5911543  -0.18082392 -0.10928411  0.08257704 -1.471876  ]

wonder    [ 1.5858775 -1.7097713  0.7180362 -3.6069825  1.3819838]

those    [-1.8256501  -0.49935818 -0.48522225 -0.08650128 -1.1745976 ]

workings    [ 1.7600214  -1.0628899  -0.22223404  0.7033912   0.3856649 ]

answered    [-1.3055415   0.80882186 -0.17516693 -0.2419701   0.7779475 ]

preventing    [ 0.24477325  1.7323573   0.5903658  -0.6048454  -1.2112505 ]

had    [-0.8171503 -3.724441   2.934484  -2.3557496  1.256237 ]

program    [ 0.33275703  0.4131072   0.36820105  0.440257   -0.8032829 ]

do    [ 0.07239379  1.7709926   2.0464737  -0.927215    1.0015484 ]

miss    [-0.24652816 -0.77282214  0.3060324   0.72540617  1.7602037 ]

ship    [ 0.20190983 -2.5208952  -0.3220544  -0.38725606 -0.07399496]

hyperspace    [-1.4162562  -1.4679594  -0.85178417 -1.1362079   0.6430482 ]

mankind    [ 0.84992474 -0.05411404  1.5527021  -0.40553036 -1.2245824 ]

except    [-0.36365926  1.478161    0.40468696 -0.6615078  -0.7910759 ]

her    [ 0.77363336  2.1148198  -0.6862747   0.9187787   1.8692822 ]

roused    [ 0.137912   -0.30763125 -0.74225664  0.05016621 -0.7628407 ]

dear    [-0.8269742  -0.6595373   0.34220544 -1.237248   -0.29693475]

loss    [ 0.8759043  -0.5924507  -0.81747556 -0.34376806 -0.49770516]

worlds    [ 0.21993452 -0.33694944 -1.4148755   0.20604438  2.2399302 ]

square    [ 0.7475762  -0.71682274  0.35442477 -0.2999086  -0.22979955]

weight    [ 0.34714255 -0.79921347 -0.5584151   0.3642397   0.54579866]

lose    [ 0.9118605  -1.4018462   0.39184064 -1.4641696   1.3607212 ]

entitled    [ 1.237321   -1.7081879   1.4079635   0.13853632  2.2176502 ]

escape    [-0.27305818 -0.5367087   0.849338   -1.1275574  -1.1575147 ]

without    [-1.2922393  0.6470734 -1.230388   1.0992463 -2.5177298]

mentality    [-0.318682   -0.30648643 -1.6410248  -0.5606326  -0.17313355]

ends    [ 1.534325   -0.59478563 -0.2485549   0.290579   -1.2279172 ]

quarters    [-0.6576595  1.0686767  1.0888492 -0.0266565  0.5894155]

stations    [-0.9022543   0.8477338   1.0630028  -1.1894492  -0.59653765]

bright    [-0.04029093 -1.8062098   0.70123154 -1.7720066   1.602693  ]

volume    [ 1.0086168  -0.5676157   0.48694322  0.7042102  -1.1519777 ]

dare    [ 1.8866975  -0.29782137 -0.90126675 -0.2520003  -0.29390478]

outness    [ 1.0714172 -1.624382  -1.4019419  0.6000342  1.4973543]

the    [ 2.080152    0.49943864 -5.6633615   0.6859183  -1.8715118 ]

he    [-2.701321   -1.4257661  -0.46818513  1.0479764  -1.2348086 ]

cheerfully    [-1.8180279  -0.30934343  1.1965368  -0.2946949  -1.3436894 ]

broadened    [-0.18149732 -0.9521693  -0.397728    2.1144695  -1.2515749 ]

guided    [-0.4387634  -0.8544431  -0.35673684  1.3011487   0.2479477 ]

must    [-2.548727  -1.482132  -1.3547999 -1.8792592  1.4948802]

mentally    [-0.58609504  0.556168   -2.164496    0.6668804  -1.4823172 ]

wished    [ 0.3896741   0.6969681  -0.00925954 -0.00492634 -0.24844103]

shower    [-1.0771449   1.2346057   0.80219406 -0.3694611   0.4275943 ]

ceased    [ 0.5885865  -0.15998076 -1.3103708   0.8089223   0.7739864 ]

interrupted    [-0.17732853  1.0391574  -0.9358128  -0.65725946 -0.72860646]

confidently    [ 0.41607141 -1.8117411  -0.47471702 -1.1616796  -0.2927339 ]

cocked    [ 0.3631203  -0.01352851 -0.07706284  0.48284388  1.8051676 ]

reverie    [ 0.9859556   1.0541537   2.249275   -0.94384915  0.00933011]

sober    [ 0.03753993  0.9042079  -1.3040777   0.3346427   0.9996494 ]

needed    [ 0.17832504 -0.13922888  1.8434333   0.6367473   1.8775647 ]

trillion    [-0.08095157 -1.7070084   1.4259964   0.16050617  1.1166465 ]

old    [ 0.71007776  2.6852596   0.33615682  0.35005495 -0.6358503 ]

14    [0.8128674  0.43156832 0.02988873 1.5127496  1.4581795 ]

year    [ 0.8827803  -0.6961324   0.5060851  -0.6140551  -0.36249173]

zee    [-2.6666331  -0.37693575  0.40313405 -2.9614067  -0.04740898]

beginning    [-1.0294449   0.4963467  -0.31366077 -1.4079643  -0.00222817]

fragment    [-0.81166226 -1.11763     1.3768651  -0.83504117 -0.31144023]

submit    [-1.0487845  -0.52038753 -0.99544823 -0.2395681   0.31131324]

only    [ 0.281347    2.0327463   1.9904498  -0.07128144 -0.5739564 ]

minds    [ 1.4379401  -0.02598548  2.159679    0.7043956  -0.2189525 ]

underground    [ 0.89570063  1.2778895  -1.0182443   0.7216377   1.2849163 ]

nothing    [ 0.09739089  0.7760684  -3.2013395  -1.2918533  -0.05688804]

makes    [ 0.36786985 -1.2493489   0.4127151  -2.2180102  -0.9590862 ]

technicians    [-0.69816613  1.5103712  -1.1548727   0.9230223   0.51165146]

during    [-0.9678179   0.08981775 -0.03760903 -1.4601811  -1.8089781 ]

well    [-1.6308877   1.3188239  -2.7863324  -0.78184825  1.1132576 ]

wearing    [ 0.9039544  -0.5636464   0.01445559 -1.1029977  -1.1897401 ]

flipped    [ 0.6505136 -0.4730787  0.5913011  1.637306   0.3650491]

pass    [-0.81281614 -0.08068336  1.6687232  -0.4385775  -0.07651289]

equally    [ 0.02677844  0.8756655  -1.4880503   0.37895587  1.5095212 ]

when    [-0.07124016  0.7297298   0.11245522 -0.24966154 -1.1145028 ]

whatever    [ 2.2115107  -0.27742675  0.21978633  0.4221689   1.6876858 ]

individual    [ 0.30197695  1.0261799  -0.02125569 -1.7883267  -1.933467  ]

youthfulness    [-0.95652115 -1.0593483   0.26539898  0.49041486 -2.1811802 ]

reflective    [ 2.0436316  -0.85561186 -0.03474271 -0.29072773  0.4685862 ]

ageless    [ 0.9358251   0.3539688   0.17091356  0.07806712 -1.4825879 ]

word    [ 1.0540285   0.7474171   0.48994437 -0.67087036 -0.30659813]

fell    [-1.1599139  -1.4014896  -0.69659054  0.8525429  -0.00995446]

helped    [-0.20599118 -1.8853631   1.1197101  -0.7975321   1.3822662 ]

planets    [ 0.5350339  -0.34969717  0.87053657 -1.7270862   0.9378389 ]

died    [-0.12560332 -0.31489557  1.4555151  -0.10187615 -0.23498239]

after    [ 0.11811064 -0.3730612   0.82712877 -0.63993496 -0.7502508 ]

asking    [-0.8100178  -0.46997792 -0.5523436  -1.3961275  -0.05399882]

together    [ 0.76719314 -0.73441505 -0.17308809 -0.9086136  -2.1229303 ]

wasn    [-0.17942174  0.53742504 -1.8135004   0.22309932 -1.2384763 ]

seamy    [-0.5538989  -0.14108278 -0.04735971  0.90559024  0.14440224]

planet    [-1.0936309  1.9784594 -1.7101858  1.0703466  0.1842473]

sharply    [ 0.73525906  1.2580955   1.0345199   0.19042179 -1.3641739 ]

concerned    [ 0.3842982   0.15883066 -1.2068433  -2.1194592  -2.4418843 ]

death    [-0.98500776 -0.21522003  0.71478057  0.438077   -0.42973244]

occasionally    [-0.49219325  1.5560657  -0.2447144  -0.707753    1.7968822 ]

daddy    [ 0.10853884  0.6308018  -2.1857796  -0.42375943 -1.153986  ]

ten    [ 1.2369047  -2.1632082  -1.7370281   0.90281004  1.1348615 ]

coal    [ 0.7010133  -1.2603631   0.41043097  0.36751667  0.3695285 ]

dignity    [ 0.7686883   0.6705027   0.11617547 -0.6745715   0.10209675]

jerrodd    [-2.3354778   1.218738    0.36000016  0.3341884  -0.07616322]

glass    [ 0.7741673   0.01744283 -0.7271456  -0.970454   -2.715005  ]

individuality    [-1.3211641   1.201556   -1.4366047   0.23566134 -0.02461276]

free    [ 0.1524458   0.15095839 -0.30530122  0.09566428  0.84052485]

wet    [2.8629508  0.02608899 0.3163284  0.22937718 1.3818733 ]

come    [ 0.61615974 -2.0745606   0.49440327 -1.4408768  -0.3530039 ]

lapse    [ 0.3339745  -0.47734365  0.5022909  -0.3109764  -0.91643023]

solutions    [-0.6802734   1.0207944   1.301211   -1.2544951  -0.32939327]

trees    [-0.21648137 -0.5242547  -0.14824708 -2.3527365  -0.5807956 ]

father    [ 2.0001416   0.64366347 -0.47877726 -1.1425865   0.08914126]

problem    [ 0.7523572  0.6202275 -1.9477752 -0.9571098  0.5234868]

cases    [-0.64865005 -2.5481007   1.0781764   1.0959284  -1.0617005 ]

family    [-1.4929249  -0.12654422 -2.1110868   0.35821483  0.8365787 ]

manner    [ 0.35886124 -0.40071818  1.62336    -0.16032162  0.6696455 ]

expenditure    [-0.41018632 -1.0115077  -1.2280624   1.3364712  -0.602438  ]

are    [ 1.6244471  -0.32989022 -0.3870893   0.28154835  1.0153215 ]

and    [-2.3803015  -4.4562354  -2.0052757   1.8957665  -0.93704474]

whispered    [ 1.002284   -1.5650833  -0.54103017  0.2991986   1.8261719 ]

into    [-0.8679053   1.6079478   0.24438623 -1.6244967  -1.9486765 ]

answer    [-0.2315707   1.9606881   0.34561825 -1.132225    2.256117  ]

appreciated    [-1.950622   -0.3669799   0.59060496  1.2401111   2.1418808 ]

going    [-0.7885073  -1.3882477   0.8814652   0.33414957  0.03556418]

disk    [ 0.9675562   0.17986299 -0.610798   -0.41764113  0.4222374 ]

worked    [ 0.0654704   0.97960097  0.16550538 -3.018265    0.07141213]

move    [-2.9836445  1.3515332 -1.0131638 -0.5409488 -0.7925836]

found    [-1.3527726   0.6677296  -0.25590584 -1.6409571   1.6563923 ]

oh    [-1.0031363 -1.0266069 -0.099197   1.9069138 -1.0134332]

grasp    [ 0.06165518 -0.21227226  0.8862114   2.104338   -0.5941499 ]

used    [-0.06238068 -0.9582776   1.9575303  -0.6120361   0.63882446]

thinning    [-0.28398883  1.7225688   0.85339797 -0.765329   -1.0333471 ]

say    [ 0.42232406 -0.6624368   0.7767193  -0.5180316   0.49969977]

portion    [ 0.5990488   0.7120075  -0.4760163   0.01857932 -0.268059  ]

power    [1.1032183 1.5459323 1.9098358 1.9120724 0.384753 ]

load    [ 0.6122574  -0.64601374 -2.2637045  -0.72684383 -1.445811  ]

utilized    [-0.08451124  0.14094347 -0.7078637   0.9604972  -1.6529149 ]

valves    [ 1.1228957   1.9406891   0.02207312  0.24948554 -0.6228231 ]

contented    [ 0.45650566  1.9600271  -0.41997615 -0.8211714   0.46635225]

council    [-0.5096702  -0.9129333   1.2674199   0.3609509   0.35360026]

curiosity    [ 1.8502333   0.90859365 -0.04599087 -0.6588252  -0.02665105]

turn    [ 0.31802854 -1.542352    0.05124637 -0.21796517  0.23514183]

terms    [ 1.7492384  -1.2444272   0.28133118  0.06875865 -1.1004043 ]

quickly    [ 0.01178969 -0.42398235 -2.1321552  -1.6239034   2.0826595 ]

progression    [ 1.185687    1.0852436  -0.34631243  0.30208084 -2.3799145 ]

then    [-3.1722558  -0.27370048 -0.5349395   1.3748864   0.35992777]

losing    [ 0.33037663  0.70973206 -1.8725424  -0.566696    1.106582  ]

result    [-1.1258014  -0.36596072 -0.68611985 -2.1553562  -0.6219463 ]

glory    [-1.1751106  -0.74488205  0.00129665  0.7589671  -0.42158908]

relax    [ 0.23730157  1.3067666  -0.8997537   0.01236322  0.39345357]

inside    [-0.78866357 -1.5974694  -0.6045018  -0.39065978  0.21546566]

my    [-0.24990782 -0.8739509  -0.31098735 -0.87335765  0.2869627 ]

cupped    [ 0.80918515  0.17687921  1.6213545  -1.0426731  -0.6021632 ]

account    [-1.2212441  -0.33272564 -3.391758   -0.16956307 -1.5308677 ]

sipped    [ 0.3927486   1.3231636  -0.6485544  -0.08932611  0.17842399]

hell    [ 1.524737  -1.2673732 -0.9342888 -1.7884283  1.1324744]

half    [-0.09979732  2.5949955  -2.0397286   0.54192454  1.184936  ]

relationships    [ 0.9542098  -0.33821172  0.60366017  0.5377937   1.8708651 ]

23x    [-0.09556494 -1.5530801  -0.08034107 -1.0885184   0.60829633]

dregs    [ 0.22409242  2.4944308  -0.75041217  0.9345363  -2.659142  ]

print    [-0.5538859  -1.3732536  -0.95553976 -0.9591661   0.5895139 ]

they    [-2.9484386  -1.9786253  -1.1413167  -1.570123   -0.79367673]

said    [-1.1835164   2.4823916   0.66991067 -2.1662292  -1.1081539 ]

with    [ 0.48946565 -2.7639968  -1.009633   -0.25843662 -1.3024615 ]

also    [-0.84354585  0.25702596 -0.6514472   0.31892598  0.7447909 ]

superficially    [-0.13652533  0.63767016 -1.5880692  -0.4004873  -1.080931  ]

its    [ 2.7627819   1.6876284  -0.02253202  0.26047435  1.3896866 ]

most    [ 1.1448683  -0.13445291 -0.47200003  1.1510266   0.54931825]

receptors    [0.36810714 0.8905719  0.77041125 0.37799186 0.482912  ]

possible    [ 2.5318172  -0.24702781 -0.28792644  1.4769558  -0.75874776]

activity    [-1.5109007  -0.28249612  0.25382975  1.5793442  -0.782092  ]

passed    [-0.43291527 -0.9007438  -0.06721415 -0.60806984  0.76786387]

right    [ 1.4520864 -0.9576989 -2.193637   1.998898   2.246997 ]

stored    [ 1.058812   -1.7435781   0.5404859   0.04343883  0.11802602]

lazy    [-0.2747777   0.5730324  -0.27911982 -1.3950416  -0.49430233]

another    [ 0.55939424  2.2574224   2.5230865  -1.2789482  -2.3452625 ]

plagued    [ 0.35683182 -0.37745547 -0.2701268   0.01746692  0.22110246]

didn    [-0.3895095  -0.2773459  -0.27012822 -0.27548808  1.8737236 ]

miserably    [-0.37664866 -1.4952929  -1.2060428  -1.0024558   0.7923768 ]

world    [ 0.24707863  1.6293569   1.9947298   1.6353259  -1.2390409 ]

glad    [-0.38590494 -0.37293026  1.3067714   1.0200015  -0.62996966]

ii    [-0.20328288  1.6093876   0.7304173   0.52672964  1.6450057 ]

would    [-1.1495112  -1.4809166  -0.78355074 -0.67267317  2.4151762 ]

desk    [-1.1606963  -0.7049317   0.53582144  1.1463871  -0.6807036 ]

entropy    [-1.0420393 -1.8968084 -1.4648074  1.4334717 -0.2736039]

many    [ 0.8410114 -1.1577917  2.9406283  1.564711  -0.9208644]

attached    [ 1.6522046  -0.40258986 -0.9594098   0.26912722 -0.19643298]

melted    [ 0.12215895 -0.03724278  0.3108633   2.1409652  -1.4814717 ]

suddenly    [-0.8004919   0.46976608 -2.2498848  -0.3967793   0.9096699 ]

tousling    [-1.3367839  1.359956   0.7640424 -0.2638499  0.6956407]

ours    [-1.2654266  -0.12194834  0.2684573  -0.5483022   0.8055151 ]

we    [-3.9733036 -2.5237525  1.2618287  1.6956385  1.157966 ]

multivac    [-1.9352125  1.17497    2.6061828 -1.9198133  1.9551699]

uranium    [-1.1597154   0.991094   -1.6181986   0.536819    0.82029045]

t    [-0.5494333   1.4779793  -0.74784493 -4.6479425  -1.6061268 ]

self    [-0.35201877 -0.63346624 -0.23559466  0.90571785  0.00989838]

things    [-1.0093565  0.9597803  0.4766456  1.2144043  2.0473673]

concern    [ 0.50364584  0.5140662  -0.20790409 -0.6020848   0.21521293]

pointed    [-0.6347873   0.67430484  1.9072506   0.34412813 -2.6918333 ]

off    [ 0.840129    1.0195451  -0.45829892  1.1789335   2.7406428 ]

sensation    [ 1.7578846   2.298588    0.7909627  -0.17333812  0.45823416]

tamed    [-0.625891    0.62406313  1.4366673  -0.3079538   1.9833632 ]

came    [-0.47126484 -0.825612    0.99676615  0.36252993  1.5822817 ]

sooner    [ 0.13812505 -0.03110409 -1.1419532   1.0879567  -2.3071828 ]

mars    [ 1.1537449  -0.24087583 -0.5396279  -0.48036253 -0.304244  ]

though    [-1.1669899 -1.7298862 -1.1813577  0.8604541 -1.0577002]

rate    [-1.3648585   0.6546537   0.47105828  3.1487339   0.5673931 ]

isn    [-1.6345893   0.666801    0.08764005  0.04551376  1.4605331 ]

experienced    [0.29327622 1.3801055  1.5238432  0.15408516 1.3019806 ]

predominance    [-0.27749652 -0.9784254   0.48781592 -1.7388048  -0.8865142 ]

fifteen    [-0.6982367  0.6082803  0.9863436  1.9829091  1.5140059]

happen    [-1.6371094  -1.611301    0.74997604 -0.07146393  0.25190789]

restored    [-2.5957444  -1.7168938  -0.17768641  0.44827953  0.5550276 ]

breath    [ 0.03963409  0.5909933  -0.4191911   0.70421344  1.9526663 ]

husbanded    [-1.4282814  -0.03506083 -0.63685906  1.3919182   0.5976049 ]

by    [-2.3151877   0.02502682 -1.0515041  -0.642332   -2.06752   ]

dark    [-1.2284951  -0.9071566   0.69660467 -0.12336601  2.8110583 ]

in    [-2.8569436   1.8111564   1.6571162   0.3115179   0.20357387]

wall    [-2.075464    0.12453364 -0.24378893 -0.48957708  2.52787   ]

physical    [ 0.88176787 -0.5870388  -0.3931377  -0.5337418   0.21016133]

built    [-1.7090287   0.66712636  0.21098694 -1.18813    -1.5988675 ]

processes    [-0.3394989  0.6037266  1.5381483 -0.7948249 -1.5757478]

build    [-0.27871343 -0.7120683  -0.23771709 -0.50208455  1.5498593 ]

stretched    [-0.50388396  0.79204386  0.59417546  1.551543    1.3403348 ]

marble    [ 1.2028702   0.24082097  1.2808846   0.29871082 -0.37651688]

taking    [ 0.318393   -1.6134065   0.27755028 -1.525727    0.47119266]

kind    [ 0.25393838 -1.7663395  -0.2404523   1.9907203   1.1952399 ]

demanded    [ 1.8338578  -1.7455857  -0.10235862 -1.884797   -0.94045234]

how    [-1.3684905  -2.0048876   1.1606612  -0.04922121  0.25142318]

dimmest    [-0.8144333  -0.17710668 -0.1297515  -0.32798725 -2.0114095 ]

corresponded    [ 2.8036022  -1.2840122   0.9057441  -0.14737897 -1.1061413 ]

amount    [-0.03145577  0.19255954  1.7909806  -1.0842625   0.91632956]

cosmic    [-0.23612694 -2.4478369  -0.67699933 -0.21709411 -0.01803583]

felt    [-0.50670624 -0.21038827 -1.9355099  -0.34379262  1.0055561 ]

exists    [ 0.09965894 -0.3383451  -0.34956717  0.54138833  0.27966398]

fuel    [-0.82699287  0.7790154   0.03551587 -0.50862724 -0.05787193]

that    [-0.1939787  -0.04679108  0.90688384 -0.532302    2.6702719 ]

teletype    [-1.1478397  -0.54747194 -1.7305195   1.0692999   0.9780105 ]

made    [-0.2967097   0.1058927  -1.8721936  -0.01158257  0.27227622]

may    [ 1.3278667  -0.6187313  -0.9523846   1.3939158  -0.46913576]

venus    [-0.8611958   0.3442072  -1.4106357  -1.8932548  -0.58774084]

looked    [-1.2804142  -0.6359253   0.04760833  0.9935077   0.02663665]

men    [ 0.15729725 -1.3488969  -1.473879   -0.17525207 -0.09190743]

miles    [-0.98561764 -1.1692376   0.28852022 -0.19493417  3.2528865 ]

task    [-0.93953174 -0.48349926 -1.8618613   0.93543774  0.923795  ]

consumes    [-0.32723913  0.59138554  1.6129998   0.6139296   0.49047026]

slightly    [ 0.34197956  0.10425463 -0.21788152  1.148886    0.26769298]

home    [ 0.28040937 -0.30031857  0.28282702  0.46425185 -0.389884  ]

take    [-0.31082493 -0.06840182  1.0843298  -2.7293286   0.69057316]

walkie    [-0.1453534   1.0415871   1.1200167  -0.90319335 -0.68193144]

sighed    [-1.3367629  -2.8576295   0.5667798  -1.4330099  -0.13899045]

man    [ 1.0250459  -0.4697044  -0.21132524 -0.6083187   0.4701639 ]

able    [ 0.6325536   0.403716   -0.14576021  0.18478741  1.1953248 ]

hurriedly    [-1.0603269   0.09984422 -0.25249776  0.253395   -0.4340993 ]

new    [ 0.24537545  1.0706156  -1.0543426   1.7598151   0.7692103 ]

unknown    [-0.15686671 -0.3368527   0.16420467  1.6235725   0.3622531 ]

connected    [-0.12641189  0.8124184   0.99944085  0.08871464  0.97950965]

drunken    [ 1.3790078  -2.0207324   0.16065967  0.28440145  0.15765032]

own    [-1.9650868   0.4715006   1.2235811  -0.58748436  1.8781517 ]

incident    [ 0.36061853  1.8573428  -0.12528698 -1.2603866   0.2902683 ]

lives    [-0.5003783  0.8736149  1.3545208 -1.8881873  0.4620235]

step    [-0.672189    0.07918331 -0.15130508  0.1137339   0.48042458]

believe    [-0.06915972 -0.19442837 -1.2302597  -1.2960494  -0.67764616]

ever    [-1.5059372   0.89727515 -0.9512933  -2.633428    1.1062526 ]

crashed    [-0.70673853  0.19080383  1.1470287   1.557196   -0.08359908]

complicated    [ 0.447188   0.7827863 -1.3638047 -0.560528   1.0824851]

happened    [ 1.1974528   0.37737605 -1.1217226  -0.0567049   0.45667154]

carry    [ 0.01841128  0.87104195 -0.83320075  0.81760246  1.8712806 ]

promptly    [-0.7418748  -0.16405359 -1.2083393  -1.3688486  -1.072288  ]

pulled    [-0.8098032   0.91530675  1.9009094  -0.20665407  0.78371304]

highballs    [ 1.4693097   0.17257506  1.1503145   0.16095777 -0.8163024 ]

now    [-1.246407  -0.4049877 -3.368543  -1.219892  -0.8480431]

whom    [-2.564926   -0.23853256 -1.18448    -1.148927    1.4037459 ]

finally    [-0.12710695 -0.14412186  0.06095807  0.52345264 -1.019495  ]

says    [-0.61942136  0.9364981  -0.38066858  0.12751359 -1.4480826 ]

problems    [-1.302393    0.29843277 -1.4537749  -0.38642415 -0.08745808]

guidance    [-0.42467415 -0.2032199  -0.0091947  -0.4748352   1.6673228 ]

face    [-0.6192672  -1.6682202   0.52523595  1.0992106   1.3074327 ]

throughout    [-1.1408172  1.0263697 -1.3389579  1.8731105  1.399056 ]

hundred    [-0.18806551 -0.01117168 -1.4465086   1.0018992  -1.1330129 ]

such    [-0.79702497 -0.23971385 -0.2073703  -0.07992043 -1.0734599 ]

ago    [0.95738184 0.77534527 0.6064678  0.81992036 0.32533988]

simply    [ 0.8993942 -0.7376716  0.5255271 -1.472681  -1.4951775]

computer    [ 0.36446115  0.09758407 -0.94513285 -0.4848037   0.8199029 ]

each    [-1.8652415  -0.3850808   0.21492274 -1.0943532  -0.61344254]

integral    [ 0.9752581   1.1998471   0.80052763 -0.86125726  0.18000108]

stood    [-0.86381096 -0.75380874  1.2303108   0.18065742 -0.03294013]

meet    [-0.7253873  1.179093  -1.0902512 -1.8868037  2.2002034]

restore    [ 0.16195844  0.3490086  -0.1985357   0.22795263  0.29929376]

gently    [-0.39431223  0.78133565  0.10174484  0.34972778 -1.9438261 ]

necessary    [-1.8419824  -0.8373814  -0.33927676 -0.8687117   0.14072934]

tall    [-0.3270112  -1.5196228  -0.8513182  -1.0149425   0.16342726]

better    [-0.73466146  0.6254304   0.7408209  -1.5513523  -0.22977667]

gave    [-1.6571188  -0.18141274  1.5623451   0.4245434  -0.56912154]

wide    [-0.07848854  0.87325704  0.87124735  1.0837326   0.44645694]

cubes    [-0.13593496  0.39024943 -0.1261209  -0.00427164 -0.6764028 ]

sweet    [ 0.36307624 -0.09889826 -0.7341634  -1.559604    2.3716516 ]

wasted    [-1.192921   -1.4295814  -0.32874027 -0.458354    1.1899285 ]

been    [ 0.32685864  0.47414595 -0.6802501   1.880587   -0.05789712]

accumulated    [-0.52852094 -1.057307    1.5945982  -0.05698876 -0.91767603]

maybe    [-1.5123402  -0.43758678 -0.99186647  0.49878636 -0.94101256]

spider    [ 0.76799285 -0.67199755  1.3987287  -1.4749188   0.52756196]

frightened    [-1.9146187  -0.63756114 -0.5365446  -1.9858712   0.80956984]

solar    [ 2.1398706   0.18847679  0.9088307  -0.16251273  0.5522252 ]

metal    [ 0.08637465  0.30775043 -0.95860195 -1.1510032  -0.65759045]

him    [-0.07451024  1.885182   -0.5996398   1.7875973   1.2873964 ]

white    [ 2.5146747  -3.576161   -0.4970763  -0.48917553  0.39373794]

deserted    [-1.121995   0.6731883 -1.3131745  1.9569933  0.8327677]

immortality    [ 0.57159257  1.2737675  -0.4399452  -2.741731   -1.6781754 ]

dwarfs    [ 0.0029514  -0.35541663 -0.65662205  0.07379957 -1.271135  ]

abandon    [ 0.78704256  1.6726717   0.6811258  -1.1240208   0.05527252]

till    [ 0.2969459   0.44808617  0.33147314 -1.2173977   0.7892483 ]

tree    [ 0.86373645  1.2552161  -1.0684016   1.7176123   1.7029743 ]

fused    [ 0.40685105 -1.5268172   1.0060828  -0.38767383 -0.05747408]

let    [ 0.48263404 -0.12921481 -1.0226221  -0.7288813  -0.3645653 ]

whole    [-2.110892   0.2093821  0.392743   0.9258387  0.3563378]

fact    [ 0.7951266  -1.8817021   0.67328453  1.0137502   0.22615616]

cold    [-0.8195041  1.7578002  1.4084965  1.279542   0.6665349]

impure    [-0.8305976  -0.46552944  0.20590779  0.43805298 -0.5640869 ]

size    [-0.68975455  0.8833716  -0.93641603 -0.1052008  -0.55005777]

best    [ 1.4772531  -1.4658381   1.5682673  -0.57233644  1.393577  ]

infinite    [-0.23602296  0.44369313 -1.1069279  -0.12818345 -0.09424432]

hydrogen    [-0.47515863  0.7755594  -0.5758765  -0.66638404  1.4251012 ]

freely    [-0.5585005   1.9179087  -0.28448918 -0.6720862   1.3887016 ]

earth    [-0.49564952  1.1058861  -1.6594713  -1.6589204   0.77703303]

agitated    [ 0.25109145  0.97571826 -0.04982206 -1.4787446  -0.41162914]

centuries    [ 1.2549856  -1.2367239   0.20457132  0.20229095  2.0148964 ]

feel    [ 1.8737535   0.8629283  -1.0560663   2.2531722   0.19624719]

morning    [ 0.17785272 -1.2965165   1.0035533  -2.5022364  -1.0883853 ]

yet    [-0.1212099  -0.42153078  1.05344     1.0968997  -1.1801012 ]

a    [ 1.8261013   0.31783232 -2.89028     2.9481814   0.21436974]

sun    [-0.0894074  -0.78206164 -0.71392244 -1.13771     2.4324377 ]

dimming    [-1.2129954   0.46693707  2.8713202   1.0483968   0.13877518]

function    [ 1.3078074   0.650262   -1.406323   -1.0532782   0.45001024]

collect    [-0.22545664  0.8137021   0.05205172 -0.7840605  -0.01984062]

intention    [ 0.1356447  -1.1711979  -0.14619789  0.703108   -2.0361044 ]

moon    [-0.24956192 -1.4676217   1.247346   -0.20288935  0.15475243]

twenty    [ 0.4364004  -0.77033544 -1.7494715   1.2308109  -0.97322494]

two    [-1.1022274   1.6433059  -2.3892362   3.31887     0.18565607]

these    [-1.2424498   0.83309245  0.76536673 -0.23466551  2.0011895 ]

darn    [ 0.9430664   0.25467256 -0.12042304  1.4449654   1.4651681 ]

ve    [ 1.5210092   0.7194444   0.16073518  1.062952   -0.3803918 ]

holding    [ 0.91638345 -0.23139429  0.00891234  0.47798672  0.87758225]

glassware    [-0.6972887   1.2329178   1.6241024   1.2592542  -0.60895413]

hands    [ 0.96350855 -0.21462052  0.8698439   0.34074146  0.3575807 ]

too    [-0.4663299  -1.2999387  -0.78936726  0.98372203  0.24900655]

share    [-0.02438245  1.8416044   1.4347345   1.2484123   0.6237857 ]

prime    [-3.8341577   0.4807945   0.76587456 -0.32814422 -3.232251  ]

wanted    [ 1.74032    -0.762885   -0.2791677  -0.01017966 -2.1259444 ]

flashing    [ 0.58827996 -2.0005405   0.6298183   0.21214783 -0.3671666 ]

little    [ 0.7178906   1.463997   -0.47472894  1.3249516  -1.1592817 ]

served    [-1.4296607   0.46890885 -0.7905848  -0.7503788  -0.22795382]

additional    [ 0.6270115   1.7685505  -0.133516   -1.3112171   0.05594899]

remember    [-1.6895627  -0.9967878  -0.2746446   0.31631505  0.6350639 ]

monstrous    [ 0.79209405  0.138307   -0.44684774  0.9216006   0.14276172]

disappearing    [-0.00719347 -0.5247637   0.7156489  -0.34627825 -1.3041679 ]

slow    [-1.8749554  1.6657823 -1.7987431  1.6874511 -0.9441217]

worried    [-0.91857404  0.60238314  0.0612737   1.6659563   1.1099364 ]

incorruptible    [ 2.0307934   0.7671208   0.4388282   0.36430424 -0.998576  ]

questions    [-2.0692463  1.4622885  0.3056168 -0.6166096 -1.0182728]

left    [-0.5938111   2.0205     -1.8347934   0.972059    0.14542669]

fissioning    [-0.16230643  0.19296476 -1.8740638  -3.257929   -0.02215139]

aren    [ 0.9942785 -2.2710915 -0.8036837  0.3327235  1.5281777]

rest    [-0.8120932   0.81292194 -0.4046488  -1.5563997   0.6313318 ]

directly    [-0.95613164 -0.73961544  0.38580954  0.49323717 -1.353744  ]

faster    [0.26201716 1.749996   0.16899328 0.04982197 2.2918935 ]

jarrodd    [-0.747513   -1.161312    0.18813051 -0.9776613   1.1683817 ]

nicron    [ 1.8225465  -1.5511595  -0.13599186 -0.0351349  -0.5079849 ]

hesitate    [ 1.637067    0.91323936 -1.347682    1.4607527  -0.48830453]

sea    [ 0.3675549  -0.14130735  0.56408244  0.03109031  1.2008541 ]

absolute    [-0.10238943 -0.2639269  -0.6556729  -0.1613756  -0.72782415]

lupov    [-0.06550428  2.3846264  -0.09710925 -2.1011808   1.8297083 ]

keep    [-2.8278768   1.389306   -1.0819236   0.64637697  1.5609305 ]

consider    [-2.0370545   0.7568589   0.75931686  0.73454577 -0.69250214]

past    [ 1.5295736  -1.5830518   0.26961648  1.0926484  -0.3340394 ]

alexander    [-0.47580153  0.0563962  -0.08588228 -3.2822156   0.4802422 ]

nice    [-0.7090766   0.6731777  -0.28228962  0.6430986   0.45519555]

relays    [-1.3415838  -0.7868768   0.66767746 -0.49118406  0.6900528 ]

shaky    [ 0.1068856  -0.8178122   0.64483017  1.0249732  -0.7044463 ]

dissipated    [-0.18120268  0.16576172 -1.8551521   0.18661168  1.0535674 ]

constructed    [ 0.7855811  -0.55961466 -0.69554836 -0.02209684 -2.1429358 ]

originated    [ 1.5429341  -0.66392225  2.4713974   0.62931836 -0.13859509]

beams    [-0.929276  -0.7898245 -1.338956  -3.1763527  1.7451544]

call    [ 1.0140827   1.2762644   0.15236785 -0.69337255 -0.6735479 ]

through    [-0.31495383  0.05838805 -0.46253958 -1.9622217  -1.6274039 ]

originally    [-3.0397146   1.0081517  -0.47097522 -0.78977734  1.4059713 ]

stellar    [ 0.01835626  1.7251658   0.5695238   1.0266562  -0.59151846]

feet    [-0.9859942  -0.45666727 -0.958062    0.5329469   0.49320516]

caught    [ 1.3436834   0.9701535  -0.8585556   1.0411346   0.27275518]

to    [ 2.2558606   0.13636546  2.677798   -1.9024419  -0.05432588]

bottle    [ 0.20972034  0.9767438  -0.33412534 -1.3040748   0.2367546 ]

end    [ 1.1891152  -0.44385755 -0.55003047  1.0137484  -1.4275738 ]

predecessors    [ 1.4533197  -1.1189841   0.12598072 -1.8032488  -0.01335006]

english    [ 1.5205787  -1.094302   -0.04320234  0.7612171   1.28009   ]

somberly    [ 0.81862867 -1.7703532  -1.0009539   0.594607    0.41326997]

smile    [-2.296662    1.3590925  -0.19210006 -1.3234525   1.6967903 ]

dimensional    [-1.8073639   0.7599744  -0.91202545 -0.10200764 -0.4855414 ]

intelligences    [ 1.7352701  -0.74747074  0.8348688   1.2139294   2.6499119 ]

done    [ 2.0022469 -0.7361195 -1.5419335 -1.4418648  0.5209852]

chased    [ 0.14795777  0.33979237 -0.18735497  1.1329376  -0.11964801]

drink    [-0.73887956 -1.009033   -1.889161    0.60124546 -1.7635485 ]

worrying    [ 1.4326909   0.61578715  0.13603625 -0.1079663   1.7935401 ]

ll    [ 0.25049108  1.4231591   0.8338146   0.49682474 -2.4306483 ]

distant    [-0.7229524  -0.39527583 -0.2487267   2.1764581  -0.35456118]

always    [-1.4772446   1.7491857  -1.8968258  -2.4138825   0.97991997]

muttered    [ 1.2196364 -1.979942  -1.2959114 -2.0674233  1.8291707]

clicking    [-0.89783853  0.55460644 -0.6078864   0.46509424  0.17359006]

part    [-0.09273186 -0.31034163 -1.9413329   1.7449516   0.6522773 ]

fading    [-0.4303406  -0.5352282  -1.1952351  -0.11334607  1.1353252 ]

silence    [-0.25244692 -0.13015486  1.2088383   1.4917403   0.47245538]

since    [ 0.6300744  -0.64337254 -1.0161527  -0.22220033  0.719441  ]

age    [ 1.2056669  0.9426301 -2.3728936 -0.9998371 -1.6619276]

behind    [ 1.4738861  -0.6180559  -1.2441297  -0.6608901   0.62432706]

released    [ 0.16620123 -1.3046656   2.8452919  -0.7903628   0.13469397]

besides    [-0.11180543 -1.3690252   0.82374406 -0.8313127  -1.5124856 ]

bodies    [ 0.26160702 -1.107778   -0.65351576 -2.3646705  -0.65031314]

time    [ 1.0705006   0.5325053  -0.10455836  0.6917295  -0.1102086 ]

trips    [-0.7057482  -0.09612422  0.2966403  -1.8777411  -1.0491028 ]

wait    [-2.0010142  -0.6324586  -1.6625696  -0.63731813  1.3504544 ]

yes    [ 0.77747166  0.6435238  -1.5444028   0.9316111  -2.0944257 ]

material    [ 0.77238077  0.3463302  -0.40694618  1.3459024  -0.65558976]

lights    [-2.06124     0.21468525  0.6612682  -1.3165534  -1.1364738 ]

explosion    [-1.3810512 -0.8279363 -0.9844057  0.6726971  1.7049866]

sense    [ 1.7247248  -1.8116556   0.21389359  1.1910751  -1.4157962 ]

running    [ 1.5103376  1.7397696  0.4973467 -1.3396822  0.685879 ]

deeper    [ 2.5861158  -1.8578681  -0.34427223  0.59317803 -1.0676057 ]

present    [-0.3977833   0.3934417   0.31660366 -2.7743294   0.24072298]

million    [ 0.35312107 -2.0292444   0.9408703   0.60868204  1.9073414 ]

single    [-0.5402812  -0.29448193 -0.61939526  0.06022575  0.4993667 ]

read    [-2.441453   -0.22290178 -0.2830306   1.4903516  -0.40608478]

organized    [ 1.9812425 -0.9362561  1.0922627  1.36624   -0.6607909]

poor    [-2.0469403   1.4883475  -2.032673   -0.42745265 -1.1824262 ]

23    [ 0.3322683  1.7369826  3.212621  -0.8368091  0.8545212]

uplifted    [-1.0555062   0.37204823 -0.36181122 -2.3594854   1.728129  ]

took    [-0.70173985 -0.39030328 -1.6469516   0.04156921 -1.0795786 ]

thin    [-0.77540344 -0.00572187  0.43056163 -0.112982    0.07461265]

for    [-0.5338958 -1.0342066  3.355154   1.7013105 -4.0089774]

within    [ 0.46592113 -3.3009036  -1.7145592   0.32133642  0.77299035]

comes    [ 0.4082848   0.41550365 -1.0084344  -1.3074586   0.6674155 ]

down    [0.43238315 1.0926021  1.4592036  1.908622   0.3830595 ]

blazing    [ 1.5838759   0.01145806  0.87392765 -0.2773823   0.95278776]

reverse    [ 0.11874376  0.55199105  0.1880329  -0.77529466 -0.23286742]

pin    [ 0.45928767 -0.57399243  1.6795024   0.24441765  0.04833134]

17j    [-2.7956367  -0.33715674 -1.9921591   1.0440067   1.6034395 ]

good    [-1.6148975   0.30296144 -0.7680456  -1.2328722  -1.8049572 ]

plot    [-1.6419421   0.48953485 -0.21384414 -0.00597948 -0.57368314]

use    [ 0.72135067  0.5476162   0.430894   -0.33214584 -0.4326477 ]

data    [-2.790549    1.3290241   1.0512266  -0.24772675  0.34054244]

looking    [-1.485759   -1.8775448   1.5701509  -0.6283109   0.95053333]

diameter    [-0.74759626  1.2892083  -0.65459615  0.912951   -0.87323135]

weak    [1.5807015  0.14860381 0.16226488 0.34039944 0.35819066]

circling    [-0.05385891 -1.9087623   0.4267165   1.1663665   0.8330985 ]

figured    [-1.1141299   0.8089217   0.17261305  0.6964644  -0.70821065]

called    [-1.0581951  -0.72554207 -1.3897004   0.91308856 -1.0642967 ]

nature    [-0.44932368  1.2599219   2.0683541   0.4996825   0.25228247]

dim    [1.687001   0.12025945 0.04479154 0.6806708  2.0855882 ]

live    [-0.80906034  0.63758826 -0.57848155  0.6088553  -0.25024822]

will    [-1.2472278  -3.6275675   0.26455194  1.4719208  -1.3061182 ]

interest    [0.86017555 1.3993353  0.09755071 0.2627203  0.18543552]

dee    [-0.05180409  0.49682364  1.0861188  -1.2137446  -0.00493401]

an    [ 0.32852954 -0.9660608  -0.71184653 -0.11660859  0.3535844 ]

human    [ 0.05021376  0.15242732 -1.3838615  -0.26895735 -0.23894021]

first    [1.8489032  2.047044   0.31931826 2.4239337  0.38378266]

girls    [-0.5229952  -1.0877578  -0.5805034   1.506209   -0.35015482]

further    [-0.14334562 -0.13412763  0.69822943  0.5454202   0.10752872]

adding    [ 0.4580978  -0.41402835 -0.68097633 -0.7178752  -0.9326492 ]

planetary    [ 0.07750265  1.8488833   0.4964659   0.01218613 -0.52573   ]

remained    [-0.02517127  1.0260612  -0.7121793   1.2024904  -0.7897258 ]

fully    [ 0.07167686 -0.03297585 -0.6655978  -0.59439915  1.3502189 ]

jest    [-0.4299608   0.8923249  -0.82881874  0.40438858  0.794617  ]

difficult    [1.6229604  0.4197418  0.61865026 0.6255623  0.00311734]

chaos    [ 1.6643215   0.8558787  -0.2340836   0.28185093 -1.3763443 ]

our    [ 3.4277623   1.8463614  -0.7957889  -0.95000726  0.0240059 ]

mouth    [ 0.8074341  -1.0392634  -0.11695272  0.51382226  0.6379993 ]

saying    [ 0.40066147  0.09977637 -0.4619963  -0.9061086  -1.4707317 ]

existence    [-0.2943071  -2.7455752   0.13336669  0.72005826  1.7956094 ]

dying    [-0.2560943  0.1186382 -0.5722401  1.1591772  0.6679487]

snapped    [ 0.96274626  1.4481302   0.3234225   0.6114895  -0.28269902]

attendants    [-1.783853   0.2367165 -0.4605254  1.8067602 -1.2245095]

vacation    [ 2.0984323  -0.0681904   1.8229367   0.34526882  0.04169512]

have    [-0.3822472  -1.0950503   1.6346985  -1.9207431   0.06930671]

lips    [ 1.6410861  -3.6388793   0.9235887  -0.64720637 -0.11095188]

enough    [-0.0689752   0.60647243  0.09845555 -2.315116   -1.6163117 ]

incredibly    [-0.47313026  1.0422535   1.4939007   1.12502     0.04911197]

same    [ 0.05871597  1.1507939   0.50512457 -0.2993883  -0.48371422]

knuckles    [-1.766771    0.29966682  0.5269973   1.2998279  -1.1402336 ]

vague    [ 0.8538602   0.07366202 -0.24708307  0.9484572  -0.67914253]

story    [ 0.50056726 -1.0233603   1.5102531  -0.15718633  0.3266297 ]

non    [-1.3803439   2.541235   -1.3572447   0.1293327  -0.55859226]

pours    [1.1467594  0.29014027 0.35796458 1.1384639  0.03094901]

over    [2.3106437 1.989598  1.8372711 1.6411922 0.3863374]

days    [-0.5688078  -1.3900591  -0.59048545  1.4518057   2.3024266 ]

lightly    [ 0.18603387  0.29036656  1.1581227   0.31571215 -0.88455313]

rested    [-0.04026546  1.7641501  -1.8168036   0.9532675   1.0779124 ]

words    [ 1.5167897   0.9151302   0.54224366  0.45976433 -1.0074259 ]

table    [ 0.74121886  0.9423992   0.87688583 -1.4915435  -0.8269415 ]

am    [ 0.38799337  0.11939643 -0.14989746  0.5229089   1.7250078 ]

honeys    [ 0.6429604  -0.42687112 -1.9094028   0.17893861  1.0531439 ]

bert    [-0.84462005  0.6258843  -1.190901   -0.544502   -0.7852543 ]

watched    [-1.1125125   0.49437472  1.2377409   1.7325866  -2.0265324 ]

try    [-1.186161   -0.912297   -0.6539798   1.4711974   0.19200881]

wildly    [ 1.0110823  -0.01434485  0.57171977  0.06533071 -1.6598225 ]

submerged    [-1.4211888  -1.2607117  -1.2195868  -0.83377653 -1.7592428 ]

pete    [ 2.4039764   1.8163538  -2.0882986   0.5597932  -0.52050984]

beings    [ 1.1655108   0.60067064 -1.4507301  -2.88078     0.17596753]

draw    [ 1.1594654   0.9226364  -0.98894894  0.6918384  -0.18058503]

geometric    [ 0.1002158   0.6884963  -0.6617715   0.40817812 -0.26913178]

this    [-0.48704246 -0.18681224  1.4648076  -2.2979898  -0.7034859 ]

as    [ 0.18596217  0.7720116   1.8244368  -2.5516818  -1.3047321 ]

your    [-0.6651703   0.5316243  -0.08614746 -1.1967466   0.39412507]

about    [-0.27870885 -1.0830461   1.00536    -0.21109645 -1.2980314 ]

thoughts    [ 0.27577305 -0.36380905 -1.9327219   2.1282272  -0.30430987]

hundreds    [ 1.598363   -0.31237513  0.55280244  2.1944697   2.3645754 ]

fled    [ 0.04812824  0.5578716  -1.3041395   1.4931939  -1.3917172 ]

began    [ 0.7580579   0.63868254 -0.7391519  -0.6124901   1.3056642 ]

all    [ 2.9108586  -0.2039084   0.73324037 -2.8586533  -2.6150472 ]

jerrodette    [-2.5349097  1.790991   1.5739125  1.8952547  0.7933532]

someone    [ 0.8249705   1.4783434  -0.07648499 -0.14164451 -1.6826471 ]

symbols    [-0.46477747 -1.0520219  -0.2002134  -1.052906   -1.0398244 ]

people    [ 1.3647889   0.22475134  0.69295883 -0.3934004   1.9576557 ]

overcrowded    [0.27171892 0.6704705  0.5060636  1.3811263  1.2065771 ]

interval    [-1.0661931   0.75462943  1.2645364   0.52692074 -0.38661548]

suspension    [ 0.97566384  0.4671533  -0.86107916  1.5450201   0.16108441]

shrugged    [ 0.61557615  0.8204202   0.9798569   1.0037115  -1.1344001 ]

never    [0.26096517 0.228474   0.4824325  0.49965632 0.4906697 ]

twenties    [-0.7489243  -1.8048495  -0.27384934  0.629264   -0.4383251 ]

public    [-0.6841763   0.49183556 -0.01666537 -0.48710424 -1.3321483 ]

fingers    [ 0.59951645 -1.1692445  -0.5741075  -1.7608352   1.2419044 ]

worry    [-1.1836692  -0.5747034   1.1864908  -0.3004525  -0.55602396]

while    [ 0.67872787  0.93160695  0.3299345  -1.3478295   0.48415685]

distance    [ 0.67489606 -0.4815813   1.3884925  -1.757584   -1.5705919 ]

trick    [-0.662052  -2.2681582  0.8586934 -1.2836436  0.9278713]

adjusting    [ 1.5847812  -1.8607156   0.24731414 -0.5968717  -0.49772304]

no    [1.6291642 0.6505675 2.2137136 0.536474  1.3892536]

dollars    [ 0.6847539  -0.19200009 -0.476256   -0.44523686 -0.79440874]

springing    [-0.80610365 -1.9305147   2.425649   -1.5550821   0.40916997]

pessimistic    [-2.335581    0.64859694  0.33045644 -3.425701    0.11686864]

cannot    [ 0.8325754   0.91938186  0.3753451   0.0234399  -1.0014124 ]

whose    [-0.22563125  0.14047673 -0.3401754  -0.14473385 -0.61273736]

or    [-2.3255675 -1.2425789 -2.8552928 -1.526596  -1.7567168]

theory    [ 0.9682396   0.90896434 -1.837407    0.3277603  -1.1576427 ]

globe    [-0.434391   -0.27579904  1.4266174  -0.47436887  1.2452129 ]

still    [ 0.09970081  1.2270827  -1.60022    -0.41439286 -1.0519845 ]

earned    [-0.14685626  0.543614   -0.32254672  1.0183034  -0.7848009 ]

between    [ 0.9737593   0.6048209  -2.7440374  -0.08358229 -0.6657714 ]

unattended    [-0.1933973  -0.9072228   0.04776797  0.6325902   0.18676631]

once    [ 0.5555442   1.116623   -0.86587465  2.776439    2.819766  ]

consciousness    [ 0.2909691  -0.87307084 -1.2017193  -0.0686832  -1.0968047 ]

standing    [ 1.9215833   0.30487046  1.8378421   0.405119   -1.6843706 ]

contrary    [-1.5173876  -0.0310967  -0.40057236  0.37547657 -1.9956039 ]

on    [ 1.3684593  -0.6533776  -1.0994201   0.7334449  -0.67878205]

equations    [ 1.2629001  -0.09592264  0.7196173   1.8659909  -0.91306615]

edge    [-0.90962225  2.1181715  -1.3167967  -1.6795197  -0.22928584]

already    [ 2.0115294  0.6894402  1.1605651  0.632212  -1.0999961]

cellufilm    [-0.84889483  0.32238358 -1.3746487   0.638573   -2.119234  ]

analog    [ 1.0785842   1.543502    1.0019854   1.2399595  -0.40676397]

giants    [ 0.5940525 -0.1460416 -1.3743373 -1.6644837  1.6481715]

massively    [-1.1852176   1.4689666   0.04053174 -0.63492405 -1.1201655 ]

screaming    [-0.73803496 -1.8156612  -0.48172083 -0.1262377   1.1365541 ]

run    [ 0.6843154  -2.0176265  -1.4914849  -0.9582976  -0.02699475]

consisted    [ 0.49832842 -1.246112    0.23669137  1.8226848  -0.78686917]

soon    [ 1.0820984   0.66623294  0.35440654 -1.9025117   0.6034917 ]

true    [ 1.3601604  -0.29431787 -0.16108048 -0.6196253   1.1698275 ]

could    [-1.5734471  -1.8284035  -0.09696587 -1.4376915  -0.8407522 ]

utilizing    [ 0.4117808   0.16448967 -0.7903485  -0.4946663  -0.6842195 ]

eyes    [0.7529047  0.53351045 1.2362753  2.2848663  0.47086322]

clumsy    [ 1.2057974  -0.67732966  3.3932633  -0.36541572 -0.26789328]

because    [ 1.0167427   1.7331793   0.22787993 -1.866008    0.9778716 ]

2061    [-1.17168    -0.5738769  -0.00650031 -0.47207752 -1.3019525 ]

m    [ 0.6547396  -0.43338823 -0.7847504   1.3817525  -0.33341572]

insoluble    [ 1.5710354 -0.7769082 -0.8138203 -0.6737475 -2.0748203]

guiding    [ 1.150535    0.0428174   0.12410344  0.49239433 -1.8607068 ]

computing    [-0.66068554 -0.7167344  -1.4325818   0.5964708   0.18238121]

dust    [-0.51730883 -0.14943357  0.40477538 -1.057127    0.04282689]

someday    [-0.38422883  1.2579478   0.10159066  0.08171429  0.35842592]

exploited    [-0.89989835 -0.06407858 -1.2670727   0.2119217   1.1547117 ]

kept    [ 0.6209919   0.14603338 -0.29881334  0.5922695  -2.0944068 ]

learned    [ 1.3762246  -1.9485946   0.04251487 -0.35855258  1.073439  ]

filled    [1.8365561  0.6279402  1.0135428  0.40898976 1.4987111 ]

momentary    [ 1.549256   0.9544388  1.5471191 -0.8694021  0.2747692]

grew    [-0.31508443  2.5329409   0.34985697  0.37567255  0.12069864]

at    [-0.75590664 -1.0011367  -1.1201317  -0.37385976 -1.8499504 ]

busy    [-1.4744257   0.20816265 -0.37160525  1.1393603   0.5432708 ]

i    [-3.3256834 -1.4870712  2.953225  -0.5187403 -0.451287 ]

some    [-0.9775407   0.16782597  1.7343515  -0.9686884  -0.92563087]

meaningful    [0.7805492 2.5111818 2.0396044 0.4544527 1.1751568]

company    [ 0.6254187   0.0504858  -0.26547068  0.6981238  -0.93483055]

brooded    [-1.8527151   0.05313433  1.1560761   0.7965278  -0.72983897]

wun    [-1.4315262  -0.31742102  1.3719422   2.407542   -1.3191471 ]

gone    [ 1.6859031 -1.2345792  3.269918  -1.4176745  1.0844772]

managed    [ 1.6580565   1.4458624   1.5068661  -0.3120046  -0.26789454]

billions    [ 0.3222575  -1.6064553  -0.43900976 -1.9156055  -1.2412175 ]

forgotten    [ 1.2337162  -0.5772674   0.48602837 -1.8035883   2.6077423 ]

wrong    [ 1.1032645  -1.8988997  -0.44426045 -0.92023283  1.3221123 ]

became    [ 1.5118319  1.9946953  0.8751092 -0.7103715 -1.1153909]

iron    [ 0.7920379 -1.1486782  2.1230016  0.2994769  0.2622089]

wailed    [ 0.09253185  0.5416407  -0.41854835  0.581836    0.02514875]

again    [-0.48489562 -0.23965058 -0.12267751 -1.523577    1.2963638 ]

existed    [ 2.0122106  -0.01549954 -1.8039235  -0.52564436  0.806747  ]

fundamentally    [ 0.5269064  -0.23786727  0.74519897 -1.330976    0.64828086]

timeless    [ 0.3220657  -0.6526382   1.0323186   0.18125601 -0.484306  ]

shining    [-0.11583652 -1.2686471  -0.2682484  -1.4912024   0.02502147]

hyperspatial    [ 0.5803291 -0.8067747  1.0598483 -0.6508581  0.8186683]

long    [1.6265613  0.19276659 0.00998048 0.8985288  0.40960714]

before    [-0.59770405 -0.26933867 -1.2226088   1.0912436   0.973093  ]

surges    [-0.90012026  0.7511155   0.8119939   2.010791   -0.3720363 ]

identity    [-0.28105283  0.49323377 -0.6613148  -0.9513945  -0.09603594]

lucky    [ 1.1364146  -0.0143946   0.90880394  0.76134616 -1.886926  ]

travel    [-1.6992338   0.15986541  0.9083429  -1.8659474   1.407556  ]

what    [-1.596861   1.0045733  1.2344751  0.5826239 -3.20793  ]

amusement    [-0.16984464  0.55094194 -0.33435476  1.0858036  -0.6533601 ]

indistinguishable    [ 0.91124046 -1.0840394  -2.27245    -1.6142924  -0.3975442 ]

body    [-2.07615    -0.86660856 -0.87636054  0.16525705  0.50659674]

decades    [ 0.8231452  -0.91491     0.0912162   0.6285909  -0.54417217]

really    [-1.2613703   0.36131218  0.59268266  1.0941703   0.4545628 ]

smoke    [-0.6293839  -0.8204811  -0.27822962  1.550979    1.030892  ]

notion    [-1.2800726  -1.9480596  -0.69709176 -2.2384167  -1.0816709 ]

mile    [ 0.12698977  0.7235889  -1.957226    1.0420442  -1.091249  ]

feeling    [ 1.5252366   2.0229776   0.35195872  0.95611554 -1.023079  ]

put    [ 0.02010708 -0.53586143 -2.2594557  -0.19362022 -0.00723012]

final    [-0.21720117  1.1456902   0.380742   -0.6766483  -0.6091983 ]

thousand    [2.143277  1.2826309 1.1475585 3.999389  0.6891591]

wispy    [ 0.6566671  -0.5250623  -1.6234851  -0.67712647  0.12111556]

was    [ 1.3724055  1.1080484 -1.9202355 -2.2433941  1.4413837]

grove    [1.6444461  0.5265284  1.0575684  0.76810914 0.02917606]

thinking    [ 1.1496451e+00 -1.3799524e+00  3.2119927e-01 -2.3615299e-04
 -9.9325979e-01]

gas    [-1.8408748  -0.08701301  0.81707716 -1.648255   -0.92902464]

net    [-0.11237028 -0.8886933   0.7018728  -1.5605683   1.5096799 ]

showed    [-1.0120372  -0.91676456 -0.8404228  -0.28096876 -1.0604032 ]

care    [-0.27745968  0.5905005   0.00250394  1.9887359  -0.09419107]

howl    [ 0.7659446  -0.32817814  0.12126333 -0.62864786 -0.24387573]

jumps    [-1.7884151  -0.57478654 -1.2929217   0.4835176   0.5284577 ]

depths    [ 0.66797554 -0.3618363   0.07371776  1.5971361   2.3275785 ]

population    [ 0.11436832  1.1657479   1.404823   -2.2469175  -0.8398574 ]

form    [-0.02135794 -0.11101478  0.8458025   0.9049704  -0.95142394]

sound    [-0.5149585  -1.2212108  -0.80888945  0.22808418 -0.238695  ]

think    [ 0.966511   1.7665622  0.5149687 -0.8493985 -0.9533078]

mesons    [-0.20184544  0.3010639   2.8121228   0.9821758  -0.5374866 ]

granted    [ 1.8118669  -0.4160841  -0.3644311   1.3940231  -0.47913203]

tightly    [ 0.91549325  0.16796517 -0.33393776  2.2142549  -2.3353338 ]

means    [-1.189166   -0.90925723 -1.0099669  -2.0097456   1.9820817 ]

stared    [ 0.06870145  0.10542483 -1.4471005  -0.40759334  1.6863843 ]

zero    [ 0.40918684  1.3712963   0.03209721 -1.0816579   0.7073791 ]

universal    [1.7555778  0.88923687 0.9703078  2.04666    3.4987874 ]

working    [-1.5174316  0.9822511 -1.9592986  1.7360793 -1.904661 ]

contact    [ 0.06471     2.1051464   1.9565755  -0.6433141   0.02349559]

light    [-1.1630608   2.0358386   0.24069203  0.03158782  1.7263459 ]

finger    [ 0.3471988  -1.0946183   0.66346693  0.7571548   0.500919  ]

ships    [-1.6023401   0.24908468 -0.47413397  1.9725846   0.27770558]

particular    [ 0.61330056  2.9503045  -0.0375143  -2.953769   -1.1907537 ]

ready    [-1.5489155   0.7332467   0.00814132 -0.07902749  0.11267456]

essence    [ 1.630008   -0.42515483  0.13389944  0.8069493  -0.01560117]

x    [ 0.14573556  1.101609   -0.7122479  -0.39631325  0.44102052]

rarer    [-0.39827093  1.3141773  -0.07461468 -1.4449012  -0.04708273]

thank    [ 0.00463199  0.21409488 -2.1723323   0.9681123   1.6127259 ]

any    [1.2103888  0.28260723 0.04290354 0.05946828 2.2233033 ]

ask    [ 0.21901417  0.42131025 -1.4809856   0.3346158   3.365369  ]

serious    [ 0.9550466   0.8581602  -2.4678476  -0.65852684 -1.2964882 ]

unique    [-0.60842246 -1.9683129   0.14937252  1.4520094   0.4171235 ]

station    [ 0.52683794 -1.3336258   0.60418785 -1.0729977   0.20373146]

expended    [ 0.6752955  -1.0142803   0.57867223 -0.7803086   2.207474  ]

points    [ 0.08582756 -0.8414646   1.1468188  -0.8420443  -1.3628432 ]

stepped    [-0.8134487  -0.6495185   0.31154025  0.9075566  -0.9124143 ]

bed    [ 0.42048705 -0.5223082  -1.4756268   1.4868525   1.3300142 ]

intricate    [-0.20697826  1.1993517   1.8046861  -0.27148768  0.14725482]

asymptotically    [ 1.4390522  0.6364441 -1.6030041  1.2921513 -1.0860991]

scale    [ 0.8711516   1.4386195   2.8146985  -0.2389735   0.97636384]

three    [-0.49377123  0.27625573  0.31364036  1.4818481  -0.06011214]

generation    [ 0.7355859  -0.78378475  0.1387726  -1.7263763   1.2336513 ]

themselves    [-1.7987785   0.26060775  0.5335868   0.60572183 -0.9122504 ]

much    [ 0.07534701 -0.16178037 -0.197893    0.6998688   0.77339935]

destination    [ 2.4378169  -1.951538   -0.91953164  1.5048621  -1.4516071 ]

pocket    [ 0.5306079   1.1034667   1.1374037  -0.16799691 -2.0576816 ]

considered    [ 0.26454324  1.2725872  -1.4322513  -1.0382105   1.1110576 ]

wish    [ 1.6267589  -1.3547274   0.02903211 -0.51546097  0.05764938]

chambers    [ 1.6987967  -0.30306774 -0.25252473  0.03180468 -1.3722677 ]

four    [ 1.1721274  -0.38891464  2.4661913   0.46301708 -1.0566089 ]

accompanied    [ 1.3554685  -0.78814626 -0.5454357   0.3275487   2.8904543 ]

portions    [ 2.7991843e+00 -1.1586161e+00  6.5898305e-01  4.9200255e-01
  1.6958640e-03]

fed    [-0.952397    0.18198554  0.43564543  0.290544    0.32893154]

sideways    [ 0.6362976  -0.30924967  0.22392364  0.50795734 -0.8348166 ]

printed    [ 1.2817112   0.6143723   0.5565948  -0.8730563   0.42311043]

know    [ 0.33172515  0.9386961   0.10859385  0.3615557  -1.9980541 ]

background    [-0.25281364  0.79330456  1.0870898  -0.33739072  0.14214014]

successor    [ 1.545496    0.07546578  0.11105502  0.00356235 -0.470251  ]

carefully    [-1.1757993   0.62891316  1.9910481  -0.5968858   1.0620252 ]

itself    [ 0.06917202  0.7860394   0.21793255  0.7602951  -0.9595201 ]

switch    [-0.1352827  1.618654   0.9575713 -1.7803577  2.2262619]

machines    [-0.442791   -0.73351324 -0.89325833  0.20195827 -0.43850505]

snuffed    [ 0.48055428  0.6294748   0.30202612  0.4210217  -0.9764418 ]

conscious    [-1.0180413   0.7186423  -0.30069724 -1.1738536   0.3240911 ]

slowly    [ 0.23725082 -0.1382258  -3.261502    0.62934667 -0.52651614]

aloof    [ 1.0210116  -0.06211368 -0.48352605  2.1050208  -0.05314482]

see    [0.7908858  0.36183706 0.7936842  0.65093726 3.3338068 ]

told    [-0.23234111  0.09013689  0.13526061 -0.24266025 -0.12518235]

adequately    [-0.2434815   3.116002   -0.7754323  -0.35304627 -2.0352411 ]

there    [ 1.8300872   0.68685913  2.5206158   0.4563362  -1.7717311 ]

residence    [-0.2686998  -0.6184897   0.25915292 -0.87902266  0.09427907]

lay    [-1.1569599  -0.02268611  0.00842197 -0.5072078  -0.08257281]

overwhelmed    [-1.2247019   0.8460813  -0.2458474   1.2175109  -0.02515077]

per    [-0.60296154  0.09477141  0.7208681  -0.9482219   0.1591695 ]

stave    [ 4.7232586e-04 -3.9287442e-01 -6.7718202e-01 -7.9120201e-01
  3.2185742e-01]

automatons    [-0.86941564  0.9934691  -2.5924203   0.2417946   1.2039964 ]

burning    [ 0.43747082  1.4939327  -0.536083   -0.23440602 -0.48788184]

them    [-1.1551981   0.8394001   2.2242887  -2.6983209   0.24573952]

either    [-0.2781387   0.49217042  0.6421183  -0.6404409  -2.1867888 ]

design    [0.39052522 0.93081886 0.19276576 0.8973741  0.40749905]

quiet    [ 0.75227064 -0.6655009   1.8493744   0.27384788  0.19140743]

imagine    [ 1.3516427  0.8730818 -0.3074755  1.5171123  1.4919313]

clear    [-0.68508047  0.8945455   0.1629624  -0.21209519 -2.0472667 ]

one    [-2.44894    -0.9062151  -0.82846487  0.3325316   0.5666443 ]

billion    [ 0.2689478  -0.16738431  0.23533186 -2.1650968  -0.3556226 ]

alone    [-1.9027984   2.1804976  -0.48617542 -0.7383122   1.1751081 ]

ac    [-0.602998   -0.42896923  3.1313877   0.6271603   1.2866436 ]

grandchildren    [-0.5335343   0.12060839 -1.3802778   0.04169704  0.26941097]

curious    [-2.38174     0.4294948  -1.9994149  -0.91952074  0.29542527]

heard    [-0.45302343 -0.18963392  0.4213428   0.6163684   1.3817878 ]

length    [ 0.19555344 -0.37678832  0.12503786  0.96602166  0.4768627 ]

boys    [-0.40876737 -0.22479455  0.2270896  -0.6776435  -0.8307811 ]

general    [-0.2083259  -0.24264407  0.46509054  1.3173475   1.0202951 ]

knew    [-2.9182696   2.0292547   0.4778627  -0.21496424  1.9672801 ]

turned    [ 0.2806825  -0.31891862  1.6292385  -1.0206329   0.00534127]

formed    [-1.1216952  0.631582  -1.4598502  0.3012955  2.0090091]

steadily    [-0.35080907 -0.6189218   2.6654067   1.9915204  -0.106053  ]

frighten    [-1.2374468   0.72086364  0.30186373 -0.14098167  1.6063809 ]

direction    [ 0.2082646  -2.0534523   0.13576065  0.06409035  1.1287112 ]

others    [-1.9425731  -0.60575867 -0.54232025 -0.1623401   0.67114437]

partly    [ 0.25445938  0.69548386 -0.27422908  0.05411633  0.12609076]

melt    [1.1810107  1.2833681  1.5369496  1.1667179  0.16580702]

primitive    [ 0.11039378 -0.54341584  1.2701102  -0.07142428  2.0781512 ]

surrounded    [ 0.81925666 -1.9138573   0.26397833  1.375337   -0.9283803 ]

until    [-0.63449246  1.3567262   0.44521356  1.3803161   0.26399103]

collecting    [ 1.1031885   0.85536635  0.19401662 -0.47601056 -1.009401  ]

comfortable    [ 0.92589176 -2.2917147  -0.48205113  0.04153815  0.11630424]

suppose    [-0.710648   1.6610786 -1.0125813 -0.3224178  0.917347 ]

out    [ 2.824682  -1.4102403 -0.288979   1.9621198 -2.4515367]

moist    [-1.0164173  -0.40469337  0.26569542 -0.5226239   0.15331462]

invisible    [-0.7756344  -0.00828611  0.4033474   1.0464988  -0.07414548]

energies    [ 0.11533205  1.4972723  -0.21748912 -0.70187485 -0.9620488 ]

stifled    [-0.5653797  -0.19533008  1.1862749   0.2424563   1.3939843 ]

like    [ 1.7062873  -1.6188222  -0.8207885   0.11766559 -1.9371403 ]

requirements    [-2.5188637   0.21938525  0.27870917  0.9767331  -1.2495866 ]

were    [-0.02583946 -2.465665   -0.830078   -0.72611135  0.13847533]

needs    [ 0.07880996 -0.747681   -0.8869223   0.38171852 -0.47939837]

drunk    [-1.0192177  -0.0403956   1.861559   -0.17680262  0.41669798]

more    [-0.32200983  1.6920177  -0.94966644  0.9557395  -0.49468926]

mind    [-0.438581   0.8543027  2.243371  -0.6812909 -1.801114 ]

returned    [ 0.02640029 -0.8166777   1.5150118  -1.0143709  -0.8101886 ]

voice    [1.5315607  0.8948727  0.3040085  0.03763159 0.39260983]

diffuse    [-1.1129428   2.343619    1.582138   -0.01190983 -0.07785653]

conceivable    [-0.9854914   0.2655728  -0.4170878   0.33350784 -0.12691288]

anyone    [-0.13730912  2.0874627  -2.1805568   0.12143465 -0.3119782 ]

sounds    [-0.10713103  0.82861483 -0.862973   -0.23067865 -0.8976973 ]

comprehend    [ 0.31473008 -0.60956913  0.9055686  -0.33543128  0.76404816]

immortal    [ 0.7317587  -1.6441646  -1.6529107  -0.74415386  0.896729  ]

gain    [ 0.8471451  -0.13437381 -0.9500921  -1.7346491   0.8625243 ]

look    [ 0.4743212 -1.5925592 -0.4681157 -0.7192471 -0.5292126]

attended    [ 0.42771888 -1.1355795  -0.17141631 -1.2233225  -2.0811706 ]

getting    [-0.8498538  -0.33557388 -0.3738224  -0.11861514 -0.12844597]

giant    [ 0.6198732  -0.6082062   0.55513746 -0.73189515  0.9216506 ]

thick    [-1.5354909  -1.3539351   0.64205855 -0.91689706 -0.9598296 ]

his    [-1.2866206  0.7658403 -2.2240582 -0.3722889  0.7318173]

just    [ 1.9579074  -1.7153716  -0.23807131  0.40426722 -0.32359347]

destroying    [ 0.11950257  0.9034764   0.09956607  0.00234278 -1.2335955 ]

way    [ 1.8184612  -0.19318976 -0.05515293 -0.92576146 -2.8001356 ]

up    [-0.80388904 -0.99115765  1.3420603  -1.2984377  -0.8905265 ]

it    [ 0.8332019   0.12326562  3.3873065  -2.46924    -2.138012  ]

individuals    [ 0.1475944   0.6597297  -1.1045913  -0.23228538 -0.09977004]

great    [-0.72117805  0.49685487  0.26068816 -1.8756319   1.5393893 ]

tag    [ 1.9079525  -0.6220763  -0.9817324  -2.5654366   0.29057634]

pluto    [-0.71539944 -0.22407916  1.5073218  -0.08850972 -2.1022294 ]

efficiency    [ 1.5349793   0.4026093  -0.6676921  -0.99890184  0.3947573 ]

firm    [ 1.0704916   1.786651    0.581702    0.12612398 -0.25456622]

away    [ 0.82513016  0.5818847   0.60521895 -0.8830599  -0.6761705 ]

make    [ 0.2207019  -0.04718927 -0.21658137  1.3334631   0.05574365]

slur    [0.98452294 0.7388413  0.6723889  1.7034192  0.5194734 ]

upon    [-0.8349394   0.2187606  -1.0224577  -1.1953981   0.28612828]

consumed    [-0.6147844  -0.68042856 -1.6928781  -1.0497967   0.08805115]

robot    [ 0.21192421 -1.7369876  -0.27524275  0.38899523 -0.209767  ]

lameth    [-1.3258407  0.8486562  0.4995969 -1.1232685 -0.5119768]

natural    [ 1.8751861   0.02119809 -0.17946073  0.9133046  -0.49237   ]

encompassed    [ 0.711288    1.9374746  -0.48398444 -0.41535857 -0.71192247]

tell    [-0.3320308   0.22536229  0.9371953   0.7244166   0.7873457 ]

small    [ 0.6208174 -1.2614466  0.8004896  0.7903505  2.3671985]

ceiling    [ 0.18169789  1.414367    0.11688369  0.36528617 -1.0920322 ]

shall    [-0.5545868  -0.07817411 -0.318296   -0.2281108  -0.0012425 ]

circumstances    [ 0.2462829 -0.6996669 -1.788805   1.4249164  0.9292791]

very    [ 0.50135696 -0.18309356 -0.92503756 -0.80713004 -1.2307308 ]

doing    [ 1.1415987   0.57489    -0.8255885   1.3426167   0.38749123]

reached    [ 0.02745305 -1.0052093  -0.1872627   0.62487763 -1.1070944 ]

so    [ 0.8679073  -2.2185924  -0.2361678   0.34440696  1.480456  ]

phrase    [ 0.44363716  0.95370096 -1.2475122   0.26571026  0.4701675 ]

here    [-1.1309577   0.36597615  0.35597777 -0.02755697 -0.99013036]

last    [-0.05473761  0.22878109  2.1397007  -0.21043684  0.0058223 ]

bit    [ 0.7483656   0.35615772  0.3288375  -1.0051562  -0.22287805]

penetrated    [ 0.30751222  1.0237832  -0.29980797 -1.0807905   0.09795527]

real    [-0.32494575  0.2921265   2.0261781   0.7211186   0.520417  ]

dead    [-0.28626776  0.04618681 -0.16643475  0.51860726  0.7905226 ]

enlarged    [-0.61464745 -1.457698   -0.5385403   0.49880996 -1.0650717 ]

unit    [ 0.78000236  2.528905   -0.8152649  -0.26492822 -0.9772753 ]

mighty    [ 0.81635904  1.0098652  -0.7767756  -1.1765518   0.3016276 ]

side    [-0.86475104  2.4821463  -1.6824813   0.4645008   1.2102545 ]

wandering    [ 0.05061915  0.46383202 -1.345157   -1.2271519   0.59484357]

hyperspacial    [-0.11417786  1.9460311   1.9141054  -1.1006576  -1.8410949 ]

mental    [ 0.7858959   0.22586627 -0.22507946 -1.2088423  -0.12686168]

big    [0.49305227 0.17582428 0.22775713 0.6855878  0.8607096 ]

few    [-1.0239321  -1.3198688   1.2850776  -0.2475528  -0.98482746]

